# x_rel_mm	value	x_abs_mm	center_mm
-4.21572	0	0.011094	4.22681
-4.19353	0	0.033282	4.22681
-4.17134	0	0.05547	4.22681
-4.14916	0	0.077658	4.22681
-4.12697	0	0.099846	4.22681
-4.10478	-0.165051	0.122034	4.22681
-4.08259	0	0.144222	4.22681
-4.0604	0.0667669	0.16641	4.22681
-4.03822	-0.412725	0.188598	4.22681
-4.01603	0.0115558	0.210786	4.22681
-3.99384	-0.052574	0.232974	4.22681
-3.97165	0.54709	0.255162	4.22681
-3.94946	0.754183	0.27735	4.22681
-3.92728	1.24676	0.299538	4.22681
-3.90509	0.475497	0.321726	4.22681
-3.8829	0.383642	0.343914	4.22681
-3.86071	0.237597	0.366102	4.22681
-3.83852	0.76387	0.38829	4.22681
-3.81634	-0.141805	0.410478	4.22681
-3.79415	-0.134784	0.432666	4.22681
-3.77196	0.164124	0.454854	4.22681
-3.74977	-0.105031	0.477042	4.22681
-3.72758	0.269387	0.49923	4.22681
-3.7054	0.370574	0.521418	4.22681
-3.68321	0.313162	0.543606	4.22681
-3.66102	0.109992	0.565794	4.22681
-3.63883	-0.162196	0.587982	4.22681
-3.61664	-0.00592762	0.61017	4.22681
-3.59446	0.0526455	0.632358	4.22681
-3.57227	0	0.654546	4.22681
-3.55008	0	0.676734	4.22681
-3.52789	0	0.698922	4.22681
-3.5057	0	0.72111	4.22681
-3.48352	0	0.743298	4.22681
-3.46133	0	0.765486	4.22681
-3.43914	0	0.787674	4.22681
-3.41695	0	0.809862	4.22681
-3.39476	0	0.83205	4.22681
-3.37258	0	0.854238	4.22681
-3.35039	0	0.876426	4.22681
-3.3282	0	0.898614	4.22681
-3.30601	0	0.920802	4.22681
-3.28382	0	0.94299	4.22681
-3.26164	0	0.965178	4.22681
-3.23945	0	0.987366	4.22681
-3.21726	0	1.00955	4.22681
-3.19507	0	1.03174	4.22681
-3.17288	0	1.05393	4.22681
-3.1507	0	1.07612	4.22681
-3.12851	0	1.09831	4.22681
-3.10632	0	1.12049	4.22681
-3.08413	0	1.14268	4.22681
-3.06194	0	1.16487	4.22681
-3.03976	0	1.18706	4.22681
-3.01757	0	1.20925	4.22681
-2.99538	0	1.23143	4.22681
-2.97319	0	1.25362	4.22681
-2.951	0	1.27581	4.22681
-2.92882	0	1.298	4.22681
-2.90663	0	1.32019	4.22681
-2.88444	0	1.34237	4.22681
-2.86225	0	1.36456	4.22681
-2.84006	0	1.38675	4.22681
-2.81788	0	1.40894	4.22681
-2.79569	0	1.43113	4.22681
-2.7735	0	1.45331	4.22681
-2.75131	2.85506	1.4755	4.22681
-2.72912	6.86591	1.49769	4.22681
-2.70694	6.3245	1.51988	4.22681
-2.68475	5.34972	1.54207	4.22681
-2.66256	4.06077	1.56425	4.22681
-2.64037	2.45444	1.58644	4.22681
-2.61818	0	1.60863	4.22681
-2.596	0	1.63082	4.22681
-2.57381	0	1.65301	4.22681
-2.55162	0	1.67519	4.22681
-2.52943	0.513656	1.69738	4.22681
-2.50724	1.72904	1.71957	4.22681
-2.48506	3.02867	1.74176	4.22681
-2.46287	4.1318	1.76395	4.22681
-2.44068	5.51175	1.78613	4.22681
-2.41849	6.52413	1.80832	4.22681
-2.3963	8.28295	1.83051	4.22681
-2.37412	9.79047	1.8527	4.22681
-2.35193	11.5295	1.87489	4.22681
-2.32974	13.3512	1.89707	4.22681
-2.30755	15.0982	1.91926	4.22681
-2.28536	18.738	1.94145	4.22681
-2.26318	19.2555	1.96364	4.22681
-2.24099	19.0082	1.98583	4.22681
-2.2188	19.1173	2.00801	4.22681
-2.19661	19.1956	2.0302	4.22681
-2.17442	19.9151	2.05239	4.22681
-2.15224	20.7623	2.07458	4.22681
-2.13005	21.0191	2.09677	4.22681
-2.10786	20.3208	2.11895	4.22681
-2.08567	19.4798	2.14114	4.22681
-2.06348	18.6899	2.16333	4.22681
-2.0413	18.4742	2.18552	4.22681
-2.01911	17.765	2.20771	4.22681
-1.99692	16.9012	2.22989	4.22681
-1.97473	16.1107	2.25208	4.22681
-1.95254	15.419	2.27427	4.22681
-1.93036	14.5911	2.29646	4.22681
-1.90817	13.7235	2.31865	4.22681
-1.88598	12.6933	2.34083	4.22681
-1.86379	11.9417	2.36302	4.22681
-1.8416	11.4517	2.38521	4.22681
-1.81942	11.2411	2.4074	4.22681
-1.79723	10.8105	2.42959	4.22681
-1.77504	10.8811	2.45177	4.22681
-1.75285	10.7748	2.47396	4.22681
-1.73066	10.7152	2.49615	4.22681
-1.70848	11.0812	2.51834	4.22681
-1.68629	11.3057	2.54053	4.22681
-1.6641	12.0359	2.56271	4.22681
-1.64191	12.1007	2.5849	4.22681
-1.61972	12.4757	2.60709	4.22681
-1.59754	13.2885	2.62928	4.22681
-1.57535	13.525	2.65147	4.22681
-1.55316	13.7376	2.67365	4.22681
-1.53097	14.3838	2.69584	4.22681
-1.50878	14.7858	2.71803	4.22681
-1.4866	15.3074	2.74022	4.22681
-1.46441	15.8921	2.76241	4.22681
-1.44222	16.0735	2.78459	4.22681
-1.42003	16.7319	2.80678	4.22681
-1.39784	17.2207	2.82897	4.22681
-1.37566	17.7793	2.85116	4.22681
-1.35347	18.2878	2.87335	4.22681
-1.33128	18.7507	2.89553	4.22681
-1.30909	19.3768	2.91772	4.22681
-1.2869	19.6168	2.93991	4.22681
-1.26472	19.944	2.9621	4.22681
-1.24253	20.4123	2.98429	4.22681
-1.22034	20.8845	3.00647	4.22681
-1.19815	21.4926	3.02866	4.22681
-1.17596	22.0527	3.05085	4.22681
-1.15378	22.6944	3.07304	4.22681
-1.13159	23.1546	3.09523	4.22681
-1.1094	23.5843	3.11741	4.22681
-1.08721	24.0006	3.1396	4.22681
-1.06502	24.3249	3.16179	4.22681
-1.04284	24.1216	3.18398	4.22681
-1.02065	24.6786	3.20617	4.22681
-0.99846	24.9244	3.22835	4.22681
-0.976272	25.234	3.25054	4.22681
-0.954084	25.7297	3.27273	4.22681
-0.931896	26.2597	3.29492	4.22681
-0.909708	26.6094	3.31711	4.22681
-0.88752	27.0356	3.33929	4.22681
-0.865332	27.6928	3.36148	4.22681
-0.843144	28.3105	3.38367	4.22681
-0.820956	29.0927	3.40586	4.22681
-0.798768	29.8831	3.42805	4.22681
-0.77658	30.0786	3.45023	4.22681
-0.754392	30.4138	3.47242	4.22681
-0.732204	30.8747	3.49461	4.22681
-0.710016	31.5467	3.5168	4.22681
-0.687828	32.3278	3.53899	4.22681
-0.66564	32.9252	3.56117	4.22681
-0.643452	33.3597	3.58336	4.22681
-0.621264	33.4448	3.60555	4.22681
-0.599076	34.0486	3.62774	4.22681
-0.576888	34.6476	3.64993	4.22681
-0.5547	34.5224	3.67211	4.22681
-0.532512	34.7599	3.6943	4.22681
-0.510324	35.1451	3.71649	4.22681
-0.488136	35.572	3.73868	4.22681
-0.465948	35.3994	3.76087	4.22681
-0.44376	32.698	3.78305	4.22681
-0.421572	27.4517	3.80524	4.22681
-0.399384	19.1699	3.82743	4.22681
-0.377196	12.1566	3.84962	4.22681
-0.355008	6.39741	3.87181	4.22681
-0.33282	0	3.89399	4.22681
-0.310632	0	3.91618	4.22681
-0.288444	0	3.93837	4.22681
-0.266256	0	3.96056	4.22681
-0.244068	0	3.98275	4.22681
-0.22188	0	4.00493	4.22681
-0.199692	0	4.02712	4.22681
-0.177504	0	4.04931	4.22681
-0.155316	0	4.0715	4.22681
-0.133128	0	4.09369	4.22681
-0.11094	0	4.11587	4.22681
-0.088752	0	4.13806	4.22681
-0.066564	0	4.16025	4.22681
-0.044376	0	4.18244	4.22681
-0.022188	0	4.20463	4.22681
0	0	4.22681	4.22681
0.022188	0	4.249	4.22681
0.044376	0	4.27119	4.22681
0.066564	0	4.29338	4.22681
0.088752	0	4.31557	4.22681
0.11094	0	4.33775	4.22681
0.133128	0	4.35994	4.22681
0.155316	0	4.38213	4.22681
0.177504	0	4.40432	4.22681
0.199692	0	4.42651	4.22681
0.22188	0	4.44869	4.22681
0.244068	0	4.47088	4.22681
0.266256	0	4.49307	4.22681
0.288444	0	4.51526	4.22681
0.310632	0	4.53745	4.22681
0.33282	0	4.55963	4.22681
0.355008	0	4.58182	4.22681
0.377196	0.595572	4.60401	4.22681
0.399384	3.93448	4.6262	4.22681
0.421572	7.3618	4.64839	4.22681
0.44376	10.1413	4.67057	4.22681
0.465948	14.2577	4.69276	4.22681
0.488136	20.6344	4.71495	4.22681
0.510324	22.3963	4.73714	4.22681
0.532512	23.2537	4.75933	4.22681
0.5547	23.6728	4.78151	4.22681
0.576888	23.8988	4.8037	4.22681
0.599076	24.3587	4.82589	4.22681
0.621264	24.8177	4.84808	4.22681
0.643452	25.1006	4.87027	4.22681
0.66564	25.0597	4.89245	4.22681
0.687828	24.5702	4.91464	4.22681
0.710016	23.8483	4.93683	4.22681
0.732204	23.211	4.95902	4.22681
0.754392	22.6343	4.98121	4.22681
0.77658	22.0346	5.00339	4.22681
0.798768	21.3818	5.02558	4.22681
0.820956	20.7629	5.04777	4.22681
0.843144	20.1661	5.06996	4.22681
0.865332	19.7647	5.09215	4.22681
0.88752	19.3204	5.11433	4.22681
0.909708	18.9402	5.13652	4.22681
0.931896	18.7176	5.15871	4.22681
0.954084	18.598	5.1809	4.22681
0.976272	18.5328	5.20309	4.22681
0.99846	18.5794	5.22527	4.22681
1.02065	18.4166	5.24746	4.22681
1.04284	18.7338	5.26965	4.22681
1.06502	19.2002	5.29184	4.22681
1.08721	19.2729	5.31403	4.22681
1.1094	19.4829	5.33621	4.22681
1.13159	19.5866	5.3584	4.22681
1.15378	19.4004	5.38059	4.22681
1.17596	19.2927	5.40278	4.22681
1.19815	18.7569	5.42497	4.22681
1.22034	18.5591	5.44715	4.22681
1.24253	18.314	5.46934	4.22681
1.26472	17.9676	5.49153	4.22681
1.2869	17.6479	5.51372	4.22681
1.30909	17.2496	5.53591	4.22681
1.33128	16.9529	5.55809	4.22681
1.35347	16.9362	5.58028	4.22681
1.37566	16.6997	5.60247	4.22681
1.39784	16.3962	5.62466	4.22681
1.42003	15.9542	5.64685	4.22681
1.44222	16.1236	5.66903	4.22681
1.46441	16.1497	5.69122	4.22681
1.4866	15.9265	5.71341	4.22681
1.50878	15.3574	5.7356	4.22681
1.53097	15.254	5.75779	4.22681
1.55316	14.9901	5.77997	4.22681
1.57535	14.8157	5.80216	4.22681
1.59754	14.9694	5.82435	4.22681
1.61972	15.0265	5.84654	4.22681
1.64191	14.8624	5.86873	4.22681
1.6641	14.1852	5.89091	4.22681
1.68629	13.5009	5.9131	4.22681
1.70848	13.2392	5.93529	4.22681
1.73066	12.6118	5.95748	4.22681
1.75285	12.1141	5.97967	4.22681
1.77504	12.0436	6.00185	4.22681
1.79723	11.6917	6.02404	4.22681
1.81942	11.4341	6.04623	4.22681
1.8416	11.5432	6.06842	4.22681
1.86379	11.5908	6.09061	4.22681
1.88598	12.0498	6.11279	4.22681
1.90817	12.7722	6.13498	4.22681
1.93036	13.8443	6.15717	4.22681
1.95254	15.0734	6.17936	4.22681
1.97473	16.2404	6.20155	4.22681
1.99692	17.5096	6.22373	4.22681
2.01911	19.7604	6.24592	4.22681
2.0413	21.8445	6.26811	4.22681
2.06348	23.9135	6.2903	4.22681
2.08567	26.0714	6.31249	4.22681
2.10786	28.0874	6.33467	4.22681
2.13005	30.1647	6.35686	4.22681
2.15224	31.8107	6.37905	4.22681
2.17442	32.2983	6.40124	4.22681
2.19661	30.9351	6.42343	4.22681
2.2188	28.9172	6.44561	4.22681
2.24099	27.4548	6.4678	4.22681
2.26318	26.4126	6.48999	4.22681
2.28536	18.3564	6.51218	4.22681
2.30755	1.673	6.53437	4.22681
2.32974	0	6.55655	4.22681
2.35193	0	6.57874	4.22681
2.37412	0	6.60093	4.22681
2.3963	0	6.62312	4.22681
2.41849	0	6.64531	4.22681
2.44068	0	6.66749	4.22681
2.46287	0	6.68968	4.22681
2.48506	0	6.71187	4.22681
2.50724	0	6.73406	4.22681
2.52943	0	6.75625	4.22681
2.55162	0	6.77843	4.22681
2.57381	0	6.80062	4.22681
2.596	0	6.82281	4.22681
2.61818	0	6.845	4.22681
2.64037	0	6.86719	4.22681
2.66256	0	6.88937	4.22681
2.68475	0	6.91156	4.22681
2.70694	0	6.93375	4.22681
2.72912	0	6.95594	4.22681
2.75131	0	6.97813	4.22681
2.7735	0	7.00031	4.22681
2.79569	0	7.0225	4.22681
2.81788	0	7.04469	4.22681
2.84006	0	7.06688	4.22681
2.86225	0	7.08907	4.22681
2.88444	0	7.11125	4.22681
2.90663	0	7.13344	4.22681
2.92882	0	7.15563	4.22681
2.951	0.0606547	7.17782	4.22681
2.97319	0.153351	7.20001	4.22681
2.99538	0.500744	7.22219	4.22681
3.01757	0.346175	7.24438	4.22681
3.03976	0.205239	7.26657	4.22681
3.06194	0.113422	7.28876	4.22681
3.08413	0.0607108	7.31095	4.22681
3.10632	0.212801	7.33313	4.22681
3.12851	0.45771	7.35532	4.22681
3.1507	0.484798	7.37751	4.22681
3.17288	0.0578434	7.3997	4.22681
3.19507	0	7.42189	4.22681
3.21726	0	7.44407	4.22681
3.23945	-0.127034	7.46626	4.22681
3.26164	0.0288867	7.48845	4.22681
3.28382	0.0432269	7.51064	4.22681
3.30601	0	7.53283	4.22681
3.3282	0	7.55501	4.22681
3.35039	0.0646027	7.5772	4.22681
3.37258	-0.0910702	7.59939	4.22681
3.39476	0.064371	7.62158	4.22681
3.41695	0.0664494	7.64377	4.22681
3.43914	0.0729435	7.66595	4.22681
3.46133	-0.0267555	7.68814	4.22681
3.48352	0.0608128	7.71033	4.22681
