# x_rel_mm	value	x_abs_mm	center_mm
-4.03822	0.439862	0.011094	4.04931
-4.01603	0.505621	0.033282	4.04931
-3.99384	0.576456	0.05547	4.04931
-3.97165	0.613676	0.077658	4.04931
-3.94946	0.617069	0.099846	4.04931
-3.92728	0.825011	0.122034	4.04931
-3.90509	1.2919	0.144222	4.04931
-3.8829	1.61154	0.16641	4.04931
-3.86071	1.6989	0.188598	4.04931
-3.83852	1.76209	0.210786	4.04931
-3.81634	1.84551	0.232974	4.04931
-3.79415	1.79219	0.255162	4.04931
-3.77196	1.61297	0.27735	4.04931
-3.74977	1.58524	0.299538	4.04931
-3.72758	1.17218	0.321726	4.04931
-3.7054	1.07155	0.343914	4.04931
-3.68321	1.163	0.366102	4.04931
-3.66102	1.34414	0.38829	4.04931
-3.63883	1.46548	0.410478	4.04931
-3.61664	1.40964	0.432666	4.04931
-3.59446	1.40714	0.454854	4.04931
-3.57227	1.35703	0.477042	4.04931
-3.55008	1.31247	0.49923	4.04931
-3.52789	1.43908	0.521418	4.04931
-3.5057	1.43945	0.543606	4.04931
-3.48352	1.44843	0.565794	4.04931
-3.46133	1.34797	0.587982	4.04931
-3.43914	1.39967	0.61017	4.04931
-3.41695	1.29111	0.632358	4.04931
-3.39476	1.2589	0.654546	4.04931
-3.37258	1.14733	0.676734	4.04931
-3.35039	1.32105	0.698922	4.04931
-3.3282	1.1736	0.72111	4.04931
-3.30601	1.03518	0.743298	4.04931
-3.28382	1.07814	0.765486	4.04931
-3.26164	1.31696	0.787674	4.04931
-3.23945	1.52255	0.809862	4.04931
-3.21726	1.53289	0.83205	4.04931
-3.19507	1.59412	0.854238	4.04931
-3.17288	1.5377	0.876426	4.04931
-3.1507	1.51803	0.898614	4.04931
-3.12851	1.44486	0.920802	4.04931
-3.10632	1.44838	0.94299	4.04931
-3.08413	1.22845	0.965178	4.04931
-3.06194	1.28884	0.987366	4.04931
-3.03976	1.27712	1.00955	4.04931
-3.01757	1.26391	1.03174	4.04931
-2.99538	1.26111	1.05393	4.04931
-2.97319	1.31464	1.07612	4.04931
-2.951	1.26611	1.09831	4.04931
-2.92882	1.31171	1.12049	4.04931
-2.90663	1.30547	1.14268	4.04931
-2.88444	1.23025	1.16487	4.04931
-2.86225	4.98429	1.18706	4.04931
-2.84006	6.61052	1.20925	4.04931
-2.81788	7.64154	1.23143	4.04931
-2.79569	8.27692	1.25362	4.04931
-2.7735	8.1249	1.27581	4.04931
-2.75131	6.32174	1.298	4.04931
-2.72912	2.75849	1.32019	4.04931
-2.70694	0.476814	1.34237	4.04931
-2.68475	0.456122	1.36456	4.04931
-2.66256	0.380376	1.38675	4.04931
-2.64037	0.267036	1.40894	4.04931
-2.61818	0.107137	1.43113	4.04931
-2.596	0	1.45331	4.04931
-2.57381	0	1.4755	4.04931
-2.55162	0.647338	1.49769	4.04931
-2.52943	1.39874	1.51988	4.04931
-2.50724	1.81388	1.54207	4.04931
-2.48506	2.47728	1.56425	4.04931
-2.46287	3.11838	1.58644	4.04931
-2.44068	3.84926	1.60863	4.04931
-2.41849	4.48453	1.63082	4.04931
-2.3963	5.09037	1.65301	4.04931
-2.37412	5.52222	1.67519	4.04931
-2.35193	6.03276	1.69738	4.04931
-2.32974	6.67447	1.71957	4.04931
-2.30755	7.10484	1.74176	4.04931
-2.28536	7.61515	1.76395	4.04931
-2.26318	8.09422	1.78613	4.04931
-2.24099	8.40644	1.80832	4.04931
-2.2188	8.87323	1.83051	4.04931
-2.19661	8.38263	1.8527	4.04931
-2.17442	8.50322	1.87489	4.04931
-2.15224	8.48757	1.89707	4.04931
-2.13005	7.97548	1.91926	4.04931
-2.10786	8.45611	1.94145	4.04931
-2.08567	8.927	1.96364	4.04931
-2.06348	9.80923	1.98583	4.04931
-2.0413	10.1909	2.00801	4.04931
-2.01911	10.3938	2.0302	4.04931
-1.99692	10.6824	2.05239	4.04931
-1.97473	10.8632	2.07458	4.04931
-1.95254	10.7882	2.09677	4.04931
-1.93036	10.8293	2.11895	4.04931
-1.90817	11.0908	2.14114	4.04931
-1.88598	11.4093	2.16333	4.04931
-1.86379	11.7418	2.18552	4.04931
-1.8416	12.3889	2.20771	4.04931
-1.81942	12.7093	2.22989	4.04931
-1.79723	13.1799	2.25208	4.04931
-1.77504	13.1726	2.27427	4.04931
-1.75285	13.2243	2.29646	4.04931
-1.73066	13.4733	2.31865	4.04931
-1.70848	13.8735	2.34083	4.04931
-1.68629	14.2628	2.36302	4.04931
-1.6641	14.5959	2.38521	4.04931
-1.64191	15.0229	2.4074	4.04931
-1.61972	15.6833	2.42959	4.04931
-1.59754	16.021	2.45177	4.04931
-1.57535	16.4622	2.47396	4.04931
-1.55316	16.4078	2.49615	4.04931
-1.53097	16.7778	2.51834	4.04931
-1.50878	16.991	2.54053	4.04931
-1.4866	17.2695	2.56271	4.04931
-1.46441	17.9244	2.5849	4.04931
-1.44222	18.1744	2.60709	4.04931
-1.42003	18.2569	2.62928	4.04931
-1.39784	18.2878	2.65147	4.04931
-1.37566	18.3056	2.67365	4.04931
-1.35347	18.3579	2.69584	4.04931
-1.33128	18.4537	2.71803	4.04931
-1.30909	18.5906	2.74022	4.04931
-1.2869	18.8981	2.76241	4.04931
-1.26472	18.9202	2.78459	4.04931
-1.24253	19.1756	2.80678	4.04931
-1.22034	19.4196	2.82897	4.04931
-1.19815	19.6799	2.85116	4.04931
-1.17596	19.6036	2.87335	4.04931
-1.15378	19.8268	2.89553	4.04931
-1.13159	20.3733	2.91772	4.04931
-1.1094	20.7496	2.93991	4.04931
-1.08721	20.9358	2.9621	4.04931
-1.06502	21.4278	2.98429	4.04931
-1.04284	21.7694	3.00647	4.04931
-1.02065	22.1968	3.02866	4.04931
-0.99846	22.8025	3.05085	4.04931
-0.976272	23.268	3.07304	4.04931
-0.954084	23.6617	3.09523	4.04931
-0.931896	23.9737	3.11741	4.04931
-0.909708	24.3619	3.1396	4.04931
-0.88752	24.8931	3.16179	4.04931
-0.865332	25.4527	3.18398	4.04931
-0.843144	26.2108	3.20617	4.04931
-0.820956	26.8132	3.22835	4.04931
-0.798768	27.5439	3.25054	4.04931
-0.77658	28.7982	3.27273	4.04931
-0.754392	29.6953	3.29492	4.04931
-0.732204	30.2822	3.31711	4.04931
-0.710016	30.8788	3.33929	4.04931
-0.687828	31.7362	3.36148	4.04931
-0.66564	32.2145	3.38367	4.04931
-0.643452	32.2289	3.40586	4.04931
-0.621264	32.4044	3.42805	4.04931
-0.599076	32.9539	3.45023	4.04931
-0.576888	33.9859	3.47242	4.04931
-0.5547	34.5248	3.49461	4.04931
-0.532512	35.2809	3.5168	4.04931
-0.510324	36.0111	3.53899	4.04931
-0.488136	36.1419	3.56117	4.04931
-0.465948	35.4249	3.58336	4.04931
-0.44376	34.5935	3.60555	4.04931
-0.421572	33.4581	3.62774	4.04931
-0.399384	32.0269	3.64993	4.04931
-0.377196	16.9156	3.67211	4.04931
-0.355008	4.05541	3.6943	4.04931
-0.33282	0.632794	3.71649	4.04931
-0.310632	0.0556677	3.73868	4.04931
-0.288444	0	3.76087	4.04931
-0.266256	0	3.78305	4.04931
-0.244068	0	3.80524	4.04931
-0.22188	0	3.82743	4.04931
-0.199692	0	3.84962	4.04931
-0.177504	0	3.87181	4.04931
-0.155316	0	3.89399	4.04931
-0.133128	0	3.91618	4.04931
-0.11094	0	3.93837	4.04931
-0.088752	0	3.96056	4.04931
-0.066564	0	3.98275	4.04931
-0.044376	0	4.00493	4.04931
-0.022188	0	4.02712	4.04931
0	0	4.04931	4.04931
0.022188	0	4.0715	4.04931
0.044376	0	4.09369	4.04931
0.066564	0	4.11587	4.04931
0.088752	0	4.13806	4.04931
0.11094	0	4.16025	4.04931
0.133128	0	4.18244	4.04931
0.155316	0	4.20463	4.04931
0.177504	0	4.22681	4.04931
0.199692	0	4.249	4.04931
0.22188	0	4.27119	4.04931
0.244068	0	4.29338	4.04931
0.266256	0	4.31557	4.04931
0.288444	0	4.33775	4.04931
0.310632	0	4.35994	4.04931
0.33282	0.104765	4.38213	4.04931
0.355008	1.77801	4.40432	4.04931
0.377196	5.42552	4.42651	4.04931
0.399384	7.25847	4.44869	4.04931
0.421572	10.5229	4.47088	4.04931
0.44376	14.4725	4.49307	4.04931
0.465948	20.1795	4.51526	4.04931
0.488136	22.8011	4.53745	4.04931
0.510324	23.9736	4.55963	4.04931
0.532512	24.9986	4.58182	4.04931
0.5547	25.4062	4.60401	4.04931
0.576888	25.7502	4.6262	4.04931
0.599076	25.7098	4.64839	4.04931
0.621264	25.7129	4.67057	4.04931
0.643452	25.5575	4.69276	4.04931
0.66564	25.3375	4.71495	4.04931
0.687828	24.5827	4.73714	4.04931
0.710016	24.4459	4.75933	4.04931
0.732204	24.0036	4.78151	4.04931
0.754392	23.4483	4.8037	4.04931
0.77658	22.8361	4.82589	4.04931
0.798768	22.2841	4.84808	4.04931
0.820956	22.1417	4.87027	4.04931
0.843144	22.1436	4.89245	4.04931
0.865332	21.9877	4.91464	4.04931
0.88752	22.091	4.93683	4.04931
0.909708	21.8578	4.95902	4.04931
0.931896	21.6946	4.98121	4.04931
0.954084	21.1429	5.00339	4.04931
0.976272	20.7766	5.02558	4.04931
0.99846	20.2932	5.04777	4.04931
1.02065	20.0497	5.06996	4.04931
1.04284	20.1215	5.09215	4.04931
1.06502	19.9963	5.11433	4.04931
1.08721	19.5416	5.13652	4.04931
1.1094	19.0193	5.15871	4.04931
1.13159	18.7074	5.1809	4.04931
1.15378	17.8189	5.20309	4.04931
1.17596	17.1659	5.22527	4.04931
1.19815	17.0986	5.24746	4.04931
1.22034	17.2931	5.26965	4.04931
1.24253	16.7275	5.29184	4.04931
1.26472	16.3128	5.31403	4.04931
1.2869	15.8037	5.33621	4.04931
1.30909	15.6358	5.3584	4.04931
1.33128	15.3359	5.38059	4.04931
1.35347	15.1495	5.40278	4.04931
1.37566	14.9074	5.42497	4.04931
1.39784	14.7398	5.44715	4.04931
1.42003	14.4494	5.46934	4.04931
1.44222	14.1545	5.49153	4.04931
1.46441	14.1037	5.51372	4.04931
1.4866	13.853	5.53591	4.04931
1.50878	13.4673	5.55809	4.04931
1.53097	13.2898	5.58028	4.04931
1.55316	12.8902	5.60247	4.04931
1.57535	12.4829	5.62466	4.04931
1.59754	11.8248	5.64685	4.04931
1.61972	11.6312	5.66903	4.04931
1.64191	11.9166	5.69122	4.04931
1.6641	12.3062	5.71341	4.04931
1.68629	12.3371	5.7356	4.04931
1.70848	12.0365	5.75779	4.04931
1.73066	11.2446	5.77997	4.04931
1.75285	10.5219	5.80216	4.04931
1.77504	10.4018	5.82435	4.04931
1.79723	10.0927	5.84654	4.04931
1.81942	9.75745	5.86873	4.04931
1.8416	9.20166	5.89091	4.04931
1.86379	9.04175	5.9131	4.04931
1.88598	8.93034	5.93529	4.04931
1.90817	8.56458	5.95748	4.04931
1.93036	8.50255	5.97967	4.04931
1.95254	8.54367	6.00185	4.04931
1.97473	7.78027	6.02404	4.04931
1.99692	7.92046	6.04623	4.04931
2.01911	8.06029	6.06842	4.04931
2.0413	8.17272	6.09061	4.04931
2.06348	8.03336	6.11279	4.04931
2.08567	8.05989	6.13498	4.04931
2.10786	8.0856	6.15717	4.04931
2.13005	7.90496	6.17936	4.04931
2.15224	8.64281	6.20155	4.04931
2.17442	9.43436	6.22373	4.04931
2.19661	10.4673	6.24592	4.04931
2.2188	11.28	6.26811	4.04931
2.24099	11.809	6.2903	4.04931
2.26318	11.9457	6.31249	4.04931
2.28536	11.5306	6.33467	4.04931
2.30755	8.8463	6.35686	4.04931
2.32974	4.75328	6.37905	4.04931
2.35193	2.33651	6.40124	4.04931
2.37412	1.23056	6.42343	4.04931
2.3963	0.15505	6.44561	4.04931
2.41849	0	6.4678	4.04931
2.44068	0	6.48999	4.04931
2.46287	0.538267	6.51218	4.04931
2.48506	1.02494	6.53437	4.04931
2.50724	1.33175	6.55655	4.04931
2.52943	4.61972	6.57874	4.04931
2.55162	8.3717	6.60093	4.04931
2.57381	11.0136	6.62312	4.04931
2.596	11.9495	6.64531	4.04931
2.61818	12.0442	6.66749	4.04931
2.64037	8.32005	6.68968	4.04931
2.66256	1.23204	6.71187	4.04931
2.68475	0.506803	6.73406	4.04931
2.70694	0	6.75625	4.04931
2.72912	0	6.77843	4.04931
2.75131	0	6.80062	4.04931
2.7735	0	6.82281	4.04931
2.79569	0	6.845	4.04931
2.81788	0	6.86719	4.04931
2.84006	0	6.88937	4.04931
2.86225	0	6.91156	4.04931
2.88444	0	6.93375	4.04931
2.90663	0	6.95594	4.04931
2.92882	0	6.97813	4.04931
2.951	0	7.00031	4.04931
2.97319	0	7.0225	4.04931
2.99538	0	7.04469	4.04931
3.01757	0	7.06688	4.04931
3.03976	0	7.08907	4.04931
3.06194	0	7.11125	4.04931
3.08413	0	7.13344	4.04931
3.10632	0	7.15563	4.04931
3.12851	0	7.17782	4.04931
3.1507	0	7.20001	4.04931
3.17288	0.0674007	7.22219	4.04931
3.19507	-0.0422509	7.24438	4.04931
3.21726	-0.1083	7.26657	4.04931
3.23945	-0.186831	7.28876	4.04931
3.26164	-0.120142	7.31095	4.04931
3.28382	0.0204588	7.33313	4.04931
3.30601	0.36324	7.35532	4.04931
3.3282	0	7.37751	4.04931
3.35039	0.282428	7.3997	4.04931
3.37258	0.371283	7.42189	4.04931
3.39476	0.412081	7.44407	4.04931
3.41695	0.483348	7.46626	4.04931
3.43914	0	7.48845	4.04931
3.46133	0	7.51064	4.04931
3.48352	0	7.53283	4.04931
3.5057	0.0545661	7.55501	4.04931
3.52789	0	7.5772	4.04931
3.55008	0	7.59939	4.04931
3.57227	0	7.62158	4.04931
3.59446	0	7.64377	4.04931
3.61664	0	7.66595	4.04931
3.63883	0	7.68814	4.04931
3.66102	0	7.71033	4.04931
