# x_rel_mm	value	x_abs_mm	center_mm
-7.07797	0	0.011094	7.08907
-7.05578	0	0.033282	7.08907
-7.0336	0	0.05547	7.08907
-7.01141	0	0.077658	7.08907
-6.98922	0	0.099846	7.08907
-6.96703	0	0.122034	7.08907
-6.94484	0	0.144222	7.08907
-6.92266	0	0.16641	7.08907
-6.90047	0	0.188598	7.08907
-6.87828	0	0.210786	7.08907
-6.85609	0	0.232974	7.08907
-6.8339	0	0.255162	7.08907
-6.81172	0	0.27735	7.08907
-6.78953	0	0.299538	7.08907
-6.76734	0	0.321726	7.08907
-6.74515	0	0.343914	7.08907
-6.72296	0	0.366102	7.08907
-6.70078	0	0.38829	7.08907
-6.67859	0	0.410478	7.08907
-6.6564	0	0.432666	7.08907
-6.63421	0	0.454854	7.08907
-6.61202	0	0.477042	7.08907
-6.58984	0	0.49923	7.08907
-6.56765	0	0.521418	7.08907
-6.54546	0	0.543606	7.08907
-6.52327	0	0.565794	7.08907
-6.50108	0	0.587982	7.08907
-6.4789	0	0.61017	7.08907
-6.45671	0	0.632358	7.08907
-6.43452	0	0.654546	7.08907
-6.41233	0	0.676734	7.08907
-6.39014	0	0.698922	7.08907
-6.36796	0	0.72111	7.08907
-6.34577	0	0.743298	7.08907
-6.32358	0	0.765486	7.08907
-6.30139	0	0.787674	7.08907
-6.2792	0	0.809862	7.08907
-6.25702	0	0.83205	7.08907
-6.23483	0	0.854238	7.08907
-6.21264	0	0.876426	7.08907
-6.19045	0	0.898614	7.08907
-6.16826	0	0.920802	7.08907
-6.14608	0	0.94299	7.08907
-6.12389	0	0.965178	7.08907
-6.1017	0	0.987366	7.08907
-6.07951	0	1.00955	7.08907
-6.05732	0	1.03174	7.08907
-6.03514	0	1.05393	7.08907
-6.01295	0	1.07612	7.08907
-5.99076	0	1.09831	7.08907
-5.96857	0	1.12049	7.08907
-5.94638	0	1.14268	7.08907
-5.9242	0	1.16487	7.08907
-5.90201	0	1.18706	7.08907
-5.87982	0	1.20925	7.08907
-5.85763	0	1.23143	7.08907
-5.83544	0	1.25362	7.08907
-5.81326	0	1.27581	7.08907
-5.79107	0	1.298	7.08907
-5.76888	0	1.32019	7.08907
-5.74669	0	1.34237	7.08907
-5.7245	0	1.36456	7.08907
-5.70232	0	1.38675	7.08907
-5.68013	0	1.40894	7.08907
-5.65794	0	1.43113	7.08907
-5.63575	0	1.45331	7.08907
-5.61356	0	1.4755	7.08907
-5.59138	0	1.49769	7.08907
-5.56919	0	1.51988	7.08907
-5.547	0	1.54207	7.08907
-5.52481	0	1.56425	7.08907
-5.50262	0	1.58644	7.08907
-5.48044	0	1.60863	7.08907
-5.45825	0	1.63082	7.08907
-5.43606	0	1.65301	7.08907
-5.41387	0	1.67519	7.08907
-5.39168	0	1.69738	7.08907
-5.3695	0	1.71957	7.08907
-5.34731	0	1.74176	7.08907
-5.32512	0	1.76395	7.08907
-5.30293	0	1.78613	7.08907
-5.28074	0	1.80832	7.08907
-5.25856	0	1.83051	7.08907
-5.23637	0	1.8527	7.08907
-5.21418	0	1.87489	7.08907
-5.19199	0	1.89707	7.08907
-5.1698	0	1.91926	7.08907
-5.14762	0	1.94145	7.08907
-5.12543	0	1.96364	7.08907
-5.10324	0	1.98583	7.08907
-5.08105	0	2.00801	7.08907
-5.05886	0	2.0302	7.08907
-5.03668	0	2.05239	7.08907
-5.01449	0	2.07458	7.08907
-4.9923	0	2.09677	7.08907
-4.97011	0	2.11895	7.08907
-4.94792	0	2.14114	7.08907
-4.92574	0	2.16333	7.08907
-4.90355	0	2.18552	7.08907
-4.88136	0	2.20771	7.08907
-4.85917	0	2.22989	7.08907
-4.83698	0	2.25208	7.08907
-4.8148	0	2.27427	7.08907
-4.79261	0	2.29646	7.08907
-4.77042	0	2.31865	7.08907
-4.74823	0	2.34083	7.08907
-4.72604	0	2.36302	7.08907
-4.70386	0	2.38521	7.08907
-4.68167	0.0361301	2.4074	7.08907
-4.65948	0.0756502	2.42959	7.08907
-4.63729	0.0486294	2.45177	7.08907
-4.6151	-0.0438755	2.47396	7.08907
-4.59292	0	2.49615	7.08907
-4.57073	0	2.51834	7.08907
-4.54854	0	2.54053	7.08907
-4.52635	0.00248445	2.56271	7.08907
-4.50416	-0.0631331	2.5849	7.08907
-4.48198	-0.115771	2.60709	7.08907
-4.45979	-0.0207163	2.62928	7.08907
-4.4376	0	2.65147	7.08907
-4.41541	0	2.67365	7.08907
-4.39322	0	2.69584	7.08907
-4.37104	0.136952	2.71803	7.08907
-4.34885	2.94217	2.74022	7.08907
-4.32666	5.73602	2.76241	7.08907
-4.30447	6.70048	2.78459	7.08907
-4.28228	5.73794	2.80678	7.08907
-4.2601	5.26569	2.82897	7.08907
-4.23791	3.51723	2.85116	7.08907
-4.21572	4.42854	2.87335	7.08907
-4.19353	4.679	2.89553	7.08907
-4.17134	4.97099	2.91772	7.08907
-4.14916	5.24132	2.93991	7.08907
-4.12697	5.21574	2.9621	7.08907
-4.10478	4.3375	2.98429	7.08907
-4.08259	2.58508	3.00647	7.08907
-4.0604	1.50903	3.02866	7.08907
-4.03822	0.910974	3.05085	7.08907
-4.01603	0.392476	3.07304	7.08907
-3.99384	0	3.09523	7.08907
-3.97165	0	3.11741	7.08907
-3.94946	0	3.1396	7.08907
-3.92728	0	3.16179	7.08907
-3.90509	0	3.18398	7.08907
-3.8829	0	3.20617	7.08907
-3.86071	0	3.22835	7.08907
-3.83852	0.113405	3.25054	7.08907
-3.81634	0.260559	3.27273	7.08907
-3.79415	0.460797	3.29492	7.08907
-3.77196	0.637254	3.31711	7.08907
-3.74977	0.875855	3.33929	7.08907
-3.72758	2.50962	3.36148	7.08907
-3.7054	4.23575	3.38367	7.08907
-3.68321	5.95561	3.40586	7.08907
-3.66102	7.03582	3.42805	7.08907
-3.63883	7.46711	3.45023	7.08907
-3.61664	7.74505	3.47242	7.08907
-3.59446	7.89376	3.49461	7.08907
-3.57227	7.95055	3.5168	7.08907
-3.55008	7.94015	3.53899	7.08907
-3.52789	7.84592	3.56117	7.08907
-3.5057	7.99982	3.58336	7.08907
-3.48352	7.80024	3.60555	7.08907
-3.46133	7.98595	3.62774	7.08907
-3.43914	8.34348	3.64993	7.08907
-3.41695	8.76529	3.67211	7.08907
-3.39476	8.98718	3.6943	7.08907
-3.37258	8.69761	3.71649	7.08907
-3.35039	7.82027	3.73868	7.08907
-3.3282	7.57185	3.76087	7.08907
-3.30601	7.93781	3.78305	7.08907
-3.28382	7.43996	3.80524	7.08907
-3.26164	7.02203	3.82743	7.08907
-3.23945	6.90362	3.84962	7.08907
-3.21726	7.11523	3.87181	7.08907
-3.19507	6.81533	3.89399	7.08907
-3.17288	6.60311	3.91618	7.08907
-3.1507	6.56066	3.93837	7.08907
-3.12851	6.65845	3.96056	7.08907
-3.10632	6.94548	3.98275	7.08907
-3.08413	7.58686	4.00493	7.08907
-3.06194	7.48659	4.02712	7.08907
-3.03976	7.23663	4.04931	7.08907
-3.01757	7.26975	4.0715	7.08907
-2.99538	6.93929	4.09369	7.08907
-2.97319	6.49695	4.11587	7.08907
-2.951	6.62869	4.13806	7.08907
-2.92882	6.53474	4.16025	7.08907
-2.90663	6.42964	4.18244	7.08907
-2.88444	6.44069	4.20463	7.08907
-2.86225	6.6007	4.22681	7.08907
-2.84006	6.67472	4.249	7.08907
-2.81788	6.66191	4.27119	7.08907
-2.79569	6.71846	4.29338	7.08907
-2.7735	6.19682	4.31557	7.08907
-2.75131	5.91232	4.33775	7.08907
-2.72912	5.96707	4.35994	7.08907
-2.70694	6.57167	4.38213	7.08907
-2.68475	6.83573	4.40432	7.08907
-2.66256	6.72749	4.42651	7.08907
-2.64037	6.47054	4.44869	7.08907
-2.61818	6.32714	4.47088	7.08907
-2.596	6.36018	4.49307	7.08907
-2.57381	6.68361	4.51526	7.08907
-2.55162	6.8536	4.53745	7.08907
-2.52943	7.18738	4.55963	7.08907
-2.50724	7.15687	4.58182	7.08907
-2.48506	7.04525	4.60401	7.08907
-2.46287	7.57793	4.6262	7.08907
-2.44068	8.00115	4.64839	7.08907
-2.41849	7.7225	4.67057	7.08907
-2.3963	7.85063	4.69276	7.08907
-2.37412	7.77456	4.71495	7.08907
-2.35193	7.34801	4.73714	7.08907
-2.32974	7.19862	4.75933	7.08907
-2.30755	7.17502	4.78151	7.08907
-2.28536	7.20497	4.8037	7.08907
-2.26318	6.96085	4.82589	7.08907
-2.24099	6.91912	4.84808	7.08907
-2.2188	6.65394	4.87027	7.08907
-2.19661	6.38353	4.89245	7.08907
-2.17442	6.33985	4.91464	7.08907
-2.15224	6.8471	4.93683	7.08907
-2.13005	7.39769	4.95902	7.08907
-2.10786	7.73139	4.98121	7.08907
-2.08567	8.42674	5.00339	7.08907
-2.06348	8.86851	5.02558	7.08907
-2.0413	9.59486	5.04777	7.08907
-2.01911	10.1199	5.06996	7.08907
-1.99692	10.6396	5.09215	7.08907
-1.97473	11.1861	5.11433	7.08907
-1.95254	11.6736	5.13652	7.08907
-1.93036	11.9691	5.15871	7.08907
-1.90817	11.6667	5.1809	7.08907
-1.88598	11.3626	5.20309	7.08907
-1.86379	11.4487	5.22527	7.08907
-1.8416	11.413	5.24746	7.08907
-1.81942	11.4543	5.26965	7.08907
-1.79723	11.3125	5.29184	7.08907
-1.77504	11.3588	5.31403	7.08907
-1.75285	11.5942	5.33621	7.08907
-1.73066	11.3462	5.3584	7.08907
-1.70848	11.1777	5.38059	7.08907
-1.68629	11.2349	5.40278	7.08907
-1.6641	11.6652	5.42497	7.08907
-1.64191	11.9791	5.44715	7.08907
-1.61972	12.5486	5.46934	7.08907
-1.59754	12.9921	5.49153	7.08907
-1.57535	13.4435	5.51372	7.08907
-1.55316	14.0257	5.53591	7.08907
-1.53097	14.1415	5.55809	7.08907
-1.50878	14.656	5.58028	7.08907
-1.4866	14.943	5.60247	7.08907
-1.46441	15.042	5.62466	7.08907
-1.44222	15.4827	5.64685	7.08907
-1.42003	15.8932	5.66903	7.08907
-1.39784	16.1337	5.69122	7.08907
-1.37566	16.5342	5.71341	7.08907
-1.35347	17.1567	5.7356	7.08907
-1.33128	18.0851	5.75779	7.08907
-1.30909	18.4169	5.77997	7.08907
-1.2869	18.3307	5.80216	7.08907
-1.26472	18.5065	5.82435	7.08907
-1.24253	19.0578	5.84654	7.08907
-1.22034	19.8812	5.86873	7.08907
-1.19815	20.9823	5.89091	7.08907
-1.17596	21.8461	5.9131	7.08907
-1.15378	22.3401	5.93529	7.08907
-1.13159	22.9291	5.95748	7.08907
-1.1094	23.5284	5.97967	7.08907
-1.08721	24.0125	6.00185	7.08907
-1.06502	24.9199	6.02404	7.08907
-1.04284	25.5937	6.04623	7.08907
-1.02065	25.8241	6.06842	7.08907
-0.99846	26.2585	6.09061	7.08907
-0.976272	26.7738	6.11279	7.08907
-0.954084	27.3604	6.13498	7.08907
-0.931896	28.1567	6.15717	7.08907
-0.909708	28.7546	6.17936	7.08907
-0.88752	29.8188	6.20155	7.08907
-0.865332	30.7081	6.22373	7.08907
-0.843144	31.5701	6.24592	7.08907
-0.820956	32.6009	6.26811	7.08907
-0.798768	33.9334	6.2903	7.08907
-0.77658	35.206	6.31249	7.08907
-0.754392	36.6497	6.33467	7.08907
-0.732204	38.2173	6.35686	7.08907
-0.710016	39.6378	6.37905	7.08907
-0.687828	41.0931	6.40124	7.08907
-0.66564	41.758	6.42343	7.08907
-0.643452	42.7022	6.44561	7.08907
-0.621264	43.6547	6.4678	7.08907
-0.599076	44.6391	6.48999	7.08907
-0.576888	45.5127	6.51218	7.08907
-0.5547	45.818	6.53437	7.08907
-0.532512	45.9452	6.55655	7.08907
-0.510324	45.7005	6.57874	7.08907
-0.488136	45.2246	6.60093	7.08907
-0.465948	44.3735	6.62312	7.08907
-0.44376	43.097	6.64531	7.08907
-0.421572	41.1124	6.66749	7.08907
-0.399384	38.4987	6.68968	7.08907
-0.377196	30.9931	6.71187	7.08907
-0.355008	9.00494	6.73406	7.08907
-0.33282	0.44149	6.75625	7.08907
-0.310632	0	6.77843	7.08907
-0.288444	0	6.80062	7.08907
-0.266256	0	6.82281	7.08907
-0.244068	0	6.845	7.08907
-0.22188	0	6.86719	7.08907
-0.199692	0	6.88937	7.08907
-0.177504	0	6.91156	7.08907
-0.155316	0	6.93375	7.08907
-0.133128	0	6.95594	7.08907
-0.11094	0	6.97813	7.08907
-0.088752	0	7.00031	7.08907
-0.066564	0	7.0225	7.08907
-0.044376	0	7.04469	7.08907
-0.022188	0	7.06688	7.08907
0	0	7.08907	7.08907
0.022188	0	7.11125	7.08907
0.044376	0	7.13344	7.08907
0.066564	0	7.15563	7.08907
0.088752	0	7.17782	7.08907
0.11094	0	7.20001	7.08907
0.133128	0	7.22219	7.08907
0.155316	0	7.24438	7.08907
0.177504	0	7.26657	7.08907
0.199692	0	7.28876	7.08907
0.22188	0	7.31095	7.08907
0.244068	0	7.33313	7.08907
0.266256	0	7.35532	7.08907
0.288444	0	7.37751	7.08907
0.310632	0	7.3997	7.08907
0.33282	0	7.42189	7.08907
0.355008	0	7.44407	7.08907
0.377196	1.44015	7.46626	7.08907
0.399384	5.76209	7.48845	7.08907
0.421572	10.0026	7.51064	7.08907
0.44376	14.7715	7.53283	7.08907
0.465948	18.5	7.55501	7.08907
0.488136	20.6584	7.5772	7.08907
0.510324	21.7148	7.59939	7.08907
0.532512	21.6983	7.62158	7.08907
0.5547	21.2799	7.64377	7.08907
0.576888	20.9241	7.66595	7.08907
0.599076	20.7915	7.68814	7.08907
0.621264	19.9676	7.71033	7.08907
0.643452	18.6127	7.73252	7.08907
0.66564	17.3511	7.75471	7.08907
0.687828	16.4858	7.77689	7.08907
0.710016	15.7182	7.79908	7.08907
0.732204	15.2979	7.82127	7.08907
0.754392	15.2238	7.84346	7.08907
0.77658	15.4416	7.86565	7.08907
0.798768	15.3595	7.88783	7.08907
0.820956	15.2809	7.91002	7.08907
0.843144	15.656	7.93221	7.08907
0.865332	16.1216	7.9544	7.08907
0.88752	16.2843	7.97659	7.08907
0.909708	16.5582	7.99877	7.08907
0.931896	16.5737	8.02096	7.08907
0.954084	16.1727	8.04315	7.08907
0.976272	15.6262	8.06534	7.08907
0.99846	15.6581	8.08753	7.08907
1.02065	15.6683	8.10971	7.08907
1.04284	15.123	8.1319	7.08907
1.06502	14.7725	8.15409	7.08907
1.08721	14.4431	8.17628	7.08907
1.1094	14.6776	8.19847	7.08907
1.13159	14.5075	8.22065	7.08907
1.15378	14.1734	8.24284	7.08907
1.17596	13.7788	8.26503	7.08907
1.19815	13.5604	8.28722	7.08907
1.22034	13.3456	8.30941	7.08907
1.24253	12.6059	8.33159	7.08907
1.26472	12.3579	8.35378	7.08907
1.2869	11.8676	8.37597	7.08907
1.30909	11.7637	8.39816	7.08907
1.33128	11.7209	8.42035	7.08907
1.35347	11.9908	8.44253	7.08907
1.37566	11.9707	8.46472	7.08907
1.39784	12.227	8.48691	7.08907
1.42003	12.4711	8.5091	7.08907
1.44222	12.102	8.53129	7.08907
1.46441	11.8636	8.55347	7.08907
1.4866	11.8871	8.57566	7.08907
1.50878	12.4812	8.59785	7.08907
1.53097	12.3846	8.62004	7.08907
1.55316	12.2615	8.64223	7.08907
1.57535	12.6433	8.66441	7.08907
1.59754	12.6647	8.6866	7.08907
1.61972	12.5978	8.70879	7.08907
1.64191	12.1285	8.73098	7.08907
1.6641	11.4192	8.75317	7.08907
1.68629	10.9419	8.77535	7.08907
1.70848	10.8825	8.79754	7.08907
1.73066	10.6115	8.81973	7.08907
1.75285	10.3894	8.84192	7.08907
1.77504	10.2515	8.86411	7.08907
1.79723	9.85417	8.88629	7.08907
1.81942	9.71953	8.90848	7.08907
1.8416	10.0897	8.93067	7.08907
1.86379	10.4745	8.95286	7.08907
1.88598	10.5999	8.97505	7.08907
1.90817	10.7557	8.99723	7.08907
1.93036	10.7309	9.01942	7.08907
1.95254	10.8534	9.04161	7.08907
1.97473	10.8009	9.0638	7.08907
1.99692	11.1117	9.08599	7.08907
2.01911	11.3112	9.10817	7.08907
2.0413	11.2162	9.13036	7.08907
2.06348	11.0127	9.15255	7.08907
2.08567	10.646	9.17474	7.08907
2.10786	10.1202	9.19693	7.08907
2.13005	9.83108	9.21911	7.08907
2.15224	9.78689	9.2413	7.08907
2.17442	9.45959	9.26349	7.08907
2.19661	9.21835	9.28568	7.08907
2.2188	8.68563	9.30787	7.08907
2.24099	8.3687	9.33005	7.08907
2.26318	7.82934	9.35224	7.08907
2.28536	6.99404	9.37443	7.08907
2.30755	6.68746	9.39662	7.08907
2.32974	6.70716	9.41881	7.08907
2.35193	6.27371	9.44099	7.08907
2.37412	6.1967	9.46318	7.08907
2.3963	5.94408	9.48537	7.08907
2.41849	5.83639	9.50756	7.08907
2.44068	5.78321	9.52975	7.08907
2.46287	5.52335	9.55193	7.08907
2.48506	5.43067	9.57412	7.08907
2.50724	5.20887	9.59631	7.08907
2.52943	4.5632	9.6185	7.08907
2.55162	4.10833	9.64069	7.08907
2.57381	4.62416	9.66287	7.08907
2.596	5.26822	9.68506	7.08907
2.61818	5.39012	9.70725	7.08907
2.64037	5.47295	9.72944	7.08907
2.66256	4.90723	9.75163	7.08907
2.68475	4.62881	9.77381	7.08907
2.70694	4.47775	9.796	7.08907
2.72912	4.27305	9.81819	7.08907
2.75131	4.29673	9.84038	7.08907
2.7735	4.08143	9.86257	7.08907
2.79569	3.81768	9.88475	7.08907
2.81788	3.48579	9.90694	7.08907
2.84006	3.33649	9.92913	7.08907
2.86225	3.6072	9.95132	7.08907
2.88444	3.67718	9.97351	7.08907
2.90663	4.13205	9.99569	7.08907
2.92882	4.2883	10.0179	7.08907
2.951	4.3849	10.0401	7.08907
2.97319	4.62231	10.0623	7.08907
2.99538	4.894	10.0844	7.08907
3.01757	5.03047	10.1066	7.08907
3.03976	5.43366	10.1288	7.08907
3.06194	5.3736	10.151	7.08907
3.08413	5.96724	10.1732	7.08907
3.10632	5.70346	10.1954	7.08907
3.12851	5.24707	10.2176	7.08907
3.1507	5.1145	10.2398	7.08907
3.17288	5.10637	10.262	7.08907
3.19507	5.05816	10.2841	7.08907
3.21726	5.25683	10.3063	7.08907
3.23945	5.68679	10.3285	7.08907
3.26164	5.5753	10.3507	7.08907
3.28382	5.81102	10.3729	7.08907
3.30601	6.24735	10.3951	7.08907
3.3282	6.02763	10.4173	7.08907
3.35039	5.86046	10.4395	7.08907
3.37258	5.92104	10.4616	7.08907
3.39476	6.25535	10.4838	7.08907
3.41695	6.64163	10.506	7.08907
3.43914	6.99691	10.5282	7.08907
3.46133	6.77852	10.5504	7.08907
3.48352	6.4549	10.5726	7.08907
3.5057	6.10804	10.5948	7.08907
3.52789	6.14854	10.617	7.08907
3.55008	6.33627	10.6391	7.08907
3.57227	6.23565	10.6613	7.08907
3.59446	6.28104	10.6835	7.08907
3.61664	6.19185	10.7057	7.08907
3.63883	6.25841	10.7279	7.08907
3.66102	6.38556	10.7501	7.08907
3.68321	6.52761	10.7723	7.08907
3.7054	6.26201	10.7945	7.08907
3.72758	6.51882	10.8167	7.08907
3.74977	6.86506	10.8388	7.08907
3.77196	7.33547	10.861	7.08907
3.79415	7.10432	10.8832	7.08907
3.81634	7.06714	10.9054	7.08907
3.83852	7.15755	10.9276	7.08907
3.86071	7.22886	10.9498	7.08907
3.8829	7.22503	10.972	7.08907
3.90509	7.55557	10.9942	7.08907
3.92728	7.81351	11.0163	7.08907
3.94946	7.95483	11.0385	7.08907
3.97165	7.80533	11.0607	7.08907
3.99384	7.78166	11.0829	7.08907
4.01603	7.50844	11.1051	7.08907
4.03822	7.02669	11.1273	7.08907
4.0604	4.71702	11.1495	7.08907
4.08259	2.47785	11.1717	7.08907
4.10478	2.0189	11.1938	7.08907
4.12697	1.70813	11.216	7.08907
4.14916	1.60226	11.2382	7.08907
4.17134	1.3832	11.2604	7.08907
4.19353	1.38729	11.2826	7.08907
4.21572	1.45257	11.3048	7.08907
4.23791	1.26546	11.327	7.08907
4.2601	0	11.3492	7.08907
4.28228	0	11.3714	7.08907
4.30447	0	11.3935	7.08907
4.32666	0	11.4157	7.08907
4.34885	0	11.4379	7.08907
4.37104	0	11.4601	7.08907
4.39322	0	11.4823	7.08907
4.41541	0	11.5045	7.08907
4.4376	0.333618	11.5267	7.08907
4.45979	1.68801	11.5489	7.08907
4.48198	3.11454	11.571	7.08907
4.50416	4.1425	11.5932	7.08907
4.52635	5.07885	11.6154	7.08907
4.54854	5.38986	11.6376	7.08907
4.57073	6.5244	11.6598	7.08907
4.59292	7.24996	11.682	7.08907
4.6151	7.59962	11.7042	7.08907
4.63729	8.0835	11.7264	7.08907
4.65948	8.76151	11.7485	7.08907
4.68167	8.89412	11.7707	7.08907
4.70386	8.63979	11.7929	7.08907
4.72604	8.32227	11.8151	7.08907
4.74823	8.86711	11.8373	7.08907
4.77042	9.71825	11.8595	7.08907
4.79261	6.20121	11.8817	7.08907
4.8148	2.11159	11.9039	7.08907
4.83698	0.182468	11.9261	7.08907
4.85917	0	11.9482	7.08907
4.88136	0	11.9704	7.08907
4.90355	0	11.9926	7.08907
4.92574	0	12.0148	7.08907
4.94792	0	12.037	7.08907
4.97011	0	12.0592	7.08907
4.9923	0	12.0814	7.08907
5.01449	0	12.1036	7.08907
5.03668	0	12.1257	7.08907
5.05886	0	12.1479	7.08907
5.08105	0	12.1701	7.08907
5.10324	0	12.1923	7.08907
5.12543	0	12.2145	7.08907
5.14762	0	12.2367	7.08907
5.1698	0	12.2589	7.08907
5.19199	0	12.2811	7.08907
5.21418	0	12.3032	7.08907
5.23637	0	12.3254	7.08907
5.25856	0	12.3476	7.08907
5.28074	0	12.3698	7.08907
5.30293	0	12.392	7.08907
5.32512	0	12.4142	7.08907
5.34731	0	12.4364	7.08907
5.3695	0	12.4586	7.08907
5.39168	0	12.4808	7.08907
5.41387	0	12.5029	7.08907
5.43606	0	12.5251	7.08907
5.45825	0	12.5473	7.08907
5.48044	0	12.5695	7.08907
5.50262	0	12.5917	7.08907
5.52481	0	12.6139	7.08907
5.547	0	12.6361	7.08907
5.56919	0	12.6583	7.08907
5.59138	0	12.6804	7.08907
5.61356	0	12.7026	7.08907
5.63575	0	12.7248	7.08907
5.65794	0	12.747	7.08907
5.68013	0	12.7692	7.08907
5.70232	0	12.7914	7.08907
5.7245	0	12.8136	7.08907
5.74669	0	12.8358	7.08907
5.76888	0	12.8579	7.08907
5.79107	0	12.8801	7.08907
5.81326	0	12.9023	7.08907
5.83544	0	12.9245	7.08907
5.85763	0	12.9467	7.08907
5.87982	0	12.9689	7.08907
5.90201	0	12.9911	7.08907
5.9242	0	13.0133	7.08907
5.94638	0	13.0355	7.08907
5.96857	0	13.0576	7.08907
5.99076	0	13.0798	7.08907
6.01295	0	13.102	7.08907
6.03514	0	13.1242	7.08907
6.05732	0	13.1464	7.08907
6.07951	0	13.1686	7.08907
6.1017	0	13.1908	7.08907
6.12389	0	13.213	7.08907
6.14608	0	13.2351	7.08907
6.16826	0	13.2573	7.08907
6.19045	0	13.2795	7.08907
6.21264	0	13.3017	7.08907
6.23483	0	13.3239	7.08907
6.25702	0	13.3461	7.08907
6.2792	0	13.3683	7.08907
6.30139	0	13.3905	7.08907
6.32358	0	13.4126	7.08907
6.34577	0	13.4348	7.08907
6.36796	0	13.457	7.08907
6.39014	0	13.4792	7.08907
6.41233	0	13.5014	7.08907
6.43452	0	13.5236	7.08907
6.45671	0	13.5458	7.08907
6.4789	0	13.568	7.08907
6.50108	0	13.5902	7.08907
6.52327	0	13.6123	7.08907
6.54546	0	13.6345	7.08907
6.56765	0	13.6567	7.08907
6.58984	0	13.6789	7.08907
6.61202	0	13.7011	7.08907
6.63421	0	13.7233	7.08907
6.6564	0	13.7455	7.08907
6.67859	0	13.7677	7.08907
6.70078	0	13.7898	7.08907
6.72296	0	13.812	7.08907
6.74515	0	13.8342	7.08907
6.76734	0	13.8564	7.08907
6.78953	0	13.8786	7.08907
6.81172	0	13.9008	7.08907
6.8339	0	13.923	7.08907
6.85609	0	13.9452	7.08907
6.87828	0	13.9673	7.08907
6.90047	0	13.9895	7.08907
6.92266	0	14.0117	7.08907
6.94484	0	14.0339	7.08907
6.96703	0	14.0561	7.08907
6.98922	0	14.0783	7.08907
7.01141	0	14.1005	7.08907
7.0336	0	14.1227	7.08907
7.05578	0	14.1449	7.08907
7.07797	0	14.167	7.08907
7.10016	0	14.1892	7.08907
7.12235	0	14.2114	7.08907
7.14454	0	14.2336	7.08907
7.16672	0	14.2558	7.08907
7.18891	0	14.278	7.08907
7.2111	0	14.3002	7.08907
7.23329	0	14.3224	7.08907
7.25548	0	14.3445	7.08907
7.27766	0	14.3667	7.08907
