# x_rel_mm	value	x_abs_mm	center_mm
-6.23483	0	0.011094	6.24592
-6.21264	0	0.033282	6.24592
-6.19045	0	0.05547	6.24592
-6.16826	0	0.077658	6.24592
-6.14608	0	0.099846	6.24592
-6.12389	0	0.122034	6.24592
-6.1017	0	0.144222	6.24592
-6.07951	0	0.16641	6.24592
-6.05732	0	0.188598	6.24592
-6.03514	0	0.210786	6.24592
-6.01295	0	0.232974	6.24592
-5.99076	0	0.255162	6.24592
-5.96857	0	0.27735	6.24592
-5.94638	0	0.299538	6.24592
-5.9242	0	0.321726	6.24592
-5.90201	0	0.343914	6.24592
-5.87982	0	0.366102	6.24592
-5.85763	0	0.38829	6.24592
-5.83544	0	0.410478	6.24592
-5.81326	0	0.432666	6.24592
-5.79107	0	0.454854	6.24592
-5.76888	0	0.477042	6.24592
-5.74669	0	0.49923	6.24592
-5.7245	0	0.521418	6.24592
-5.70232	0	0.543606	6.24592
-5.68013	0	0.565794	6.24592
-5.65794	0	0.587982	6.24592
-5.63575	0	0.61017	6.24592
-5.61356	0	0.632358	6.24592
-5.59138	0	0.654546	6.24592
-5.56919	0	0.676734	6.24592
-5.547	0	0.698922	6.24592
-5.52481	0	0.72111	6.24592
-5.50262	0	0.743298	6.24592
-5.48044	0	0.765486	6.24592
-5.45825	0	0.787674	6.24592
-5.43606	0	0.809862	6.24592
-5.41387	0	0.83205	6.24592
-5.39168	0	0.854238	6.24592
-5.3695	0	0.876426	6.24592
-5.34731	0	0.898614	6.24592
-5.32512	0	0.920802	6.24592
-5.30293	0	0.94299	6.24592
-5.28074	0	0.965178	6.24592
-5.25856	0	0.987366	6.24592
-5.23637	0	1.00955	6.24592
-5.21418	0	1.03174	6.24592
-5.19199	0	1.05393	6.24592
-5.1698	0	1.07612	6.24592
-5.14762	0	1.09831	6.24592
-5.12543	0	1.12049	6.24592
-5.10324	0	1.14268	6.24592
-5.08105	0	1.16487	6.24592
-5.05886	0	1.18706	6.24592
-5.03668	0	1.20925	6.24592
-5.01449	0	1.23143	6.24592
-4.9923	0	1.25362	6.24592
-4.97011	0	1.27581	6.24592
-4.94792	0	1.298	6.24592
-4.92574	0	1.32019	6.24592
-4.90355	0	1.34237	6.24592
-4.88136	0	1.36456	6.24592
-4.85917	0	1.38675	6.24592
-4.83698	0	1.40894	6.24592
-4.8148	0	1.43113	6.24592
-4.79261	-0.839251	1.45331	6.24592
-4.77042	-0.114031	1.4755	6.24592
-4.74823	-0.93845	1.49769	6.24592
-4.72604	0.223923	1.51988	6.24592
-4.70386	-1.97508	1.54207	6.24592
-4.68167	-5.31147	1.56425	6.24592
-4.65948	-2.87187	1.58644	6.24592
-4.63729	-0.508953	1.60863	6.24592
-4.6151	0.630849	1.63082	6.24592
-4.59292	-0.332627	1.65301	6.24592
-4.57073	1.00557	1.67519	6.24592
-4.54854	2.01471	1.69738	6.24592
-4.52635	1.77675	1.71957	6.24592
-4.50416	0.846725	1.74176	6.24592
-4.48198	-0.528553	1.76395	6.24592
-4.45979	-2.2628	1.78613	6.24592
-4.4376	-4.89888	1.80832	6.24592
-4.41541	-6.35102	1.83051	6.24592
-4.39322	-2.62142	1.8527	6.24592
-4.37104	-4.57455	1.87489	6.24592
-4.34885	3.95715	1.89707	6.24592
-4.32666	4.5135	1.91926	6.24592
-4.30447	4.6208	1.94145	6.24592
-4.28228	5.40103	1.96364	6.24592
-4.2601	5.07763	1.98583	6.24592
-4.23791	4.34278	2.00801	6.24592
-4.21572	3.45331	2.0302	6.24592
-4.19353	2.76331	2.05239	6.24592
-4.17134	2.45793	2.07458	6.24592
-4.14916	2.44584	2.09677	6.24592
-4.12697	1.75257	2.11895	6.24592
-4.10478	1.24937	2.14114	6.24592
-4.08259	1.00437	2.16333	6.24592
-4.0604	0.395986	2.18552	6.24592
-4.03822	0	2.20771	6.24592
-4.01603	0	2.22989	6.24592
-3.99384	0	2.25208	6.24592
-3.97165	0	2.27427	6.24592
-3.94946	0	2.29646	6.24592
-3.92728	0	2.31865	6.24592
-3.90509	0.183142	2.34083	6.24592
-3.8829	1.03938	2.36302	6.24592
-3.86071	1.61443	2.38521	6.24592
-3.83852	1.61447	2.4074	6.24592
-3.81634	2.45734	2.42959	6.24592
-3.79415	4.36939	2.45177	6.24592
-3.77196	4.90968	2.47396	6.24592
-3.74977	4.12515	2.49615	6.24592
-3.72758	3.37027	2.51834	6.24592
-3.7054	3.1567	2.54053	6.24592
-3.68321	2.75161	2.56271	6.24592
-3.66102	3.31321	2.5849	6.24592
-3.63883	4.22461	2.60709	6.24592
-3.61664	4.76962	2.62928	6.24592
-3.59446	4.59675	2.65147	6.24592
-3.57227	4.56298	2.67365	6.24592
-3.55008	5.00078	2.69584	6.24592
-3.52789	6.61589	2.71803	6.24592
-3.5057	7.96535	2.74022	6.24592
-3.48352	8.08345	2.76241	6.24592
-3.46133	8.05735	2.78459	6.24592
-3.43914	8.15577	2.80678	6.24592
-3.41695	8.18528	2.82897	6.24592
-3.39476	7.83902	2.85116	6.24592
-3.37258	7.69155	2.87335	6.24592
-3.35039	7.46253	2.89553	6.24592
-3.3282	7.40695	2.91772	6.24592
-3.30601	7.50069	2.93991	6.24592
-3.28382	7.08059	2.9621	6.24592
-3.26164	6.84474	2.98429	6.24592
-3.23945	6.68951	3.00647	6.24592
-3.21726	6.59657	3.02866	6.24592
-3.19507	6.10741	3.05085	6.24592
-3.17288	6.37446	3.07304	6.24592
-3.1507	6.70357	3.09523	6.24592
-3.12851	6.84853	3.11741	6.24592
-3.10632	7.00198	3.1396	6.24592
-3.08413	6.97475	3.16179	6.24592
-3.06194	7.05583	3.18398	6.24592
-3.03976	6.82282	3.20617	6.24592
-3.01757	7.06561	3.22835	6.24592
-2.99538	7.26688	3.25054	6.24592
-2.97319	7.48943	3.27273	6.24592
-2.951	7.53706	3.29492	6.24592
-2.92882	7.36419	3.31711	6.24592
-2.90663	7.96476	3.33929	6.24592
-2.88444	7.71633	3.36148	6.24592
-2.86225	7.06169	3.38367	6.24592
-2.84006	7.30476	3.40586	6.24592
-2.81788	7.30686	3.42805	6.24592
-2.79569	6.41984	3.45023	6.24592
-2.7735	6.04619	3.47242	6.24592
-2.75131	6.32728	3.49461	6.24592
-2.72912	6.84229	3.5168	6.24592
-2.70694	6.83718	3.53899	6.24592
-2.68475	6.8317	3.56117	6.24592
-2.66256	7.0852	3.58336	6.24592
-2.64037	6.98653	3.60555	6.24592
-2.61818	6.97626	3.62774	6.24592
-2.596	6.38883	3.64993	6.24592
-2.57381	6.29727	3.67211	6.24592
-2.55162	5.88051	3.6943	6.24592
-2.52943	6.40137	3.71649	6.24592
-2.50724	6.70744	3.73868	6.24592
-2.48506	7.28777	3.76087	6.24592
-2.46287	7.32858	3.78305	6.24592
-2.44068	7.53183	3.80524	6.24592
-2.41849	7.40714	3.82743	6.24592
-2.3963	7.03848	3.84962	6.24592
-2.37412	7.32761	3.87181	6.24592
-2.35193	8.33404	3.89399	6.24592
-2.32974	8.84268	3.91618	6.24592
-2.30755	9.06121	3.93837	6.24592
-2.28536	8.93088	3.96056	6.24592
-2.26318	8.80009	3.98275	6.24592
-2.24099	8.77413	4.00493	6.24592
-2.2188	8.7284	4.02712	6.24592
-2.19661	8.2555	4.04931	6.24592
-2.17442	7.99145	4.0715	6.24592
-2.15224	7.74974	4.09369	6.24592
-2.13005	8.3296	4.11587	6.24592
-2.10786	8.94164	4.13806	6.24592
-2.08567	9.02546	4.16025	6.24592
-2.06348	9.31975	4.18244	6.24592
-2.0413	9.92465	4.20463	6.24592
-2.01911	10.9091	4.22681	6.24592
-1.99692	12.2515	4.249	6.24592
-1.97473	12.6115	4.27119	6.24592
-1.95254	12.8359	4.29338	6.24592
-1.93036	13.0559	4.31557	6.24592
-1.90817	12.7334	4.33775	6.24592
-1.88598	12.9427	4.35994	6.24592
-1.86379	13.0001	4.38213	6.24592
-1.8416	13.0609	4.40432	6.24592
-1.81942	13.9564	4.42651	6.24592
-1.79723	14.5857	4.44869	6.24592
-1.77504	14.2051	4.47088	6.24592
-1.75285	13.8222	4.49307	6.24592
-1.73066	14.1875	4.51526	6.24592
-1.70848	13.897	4.53745	6.24592
-1.68629	13.6679	4.55963	6.24592
-1.6641	14.2095	4.58182	6.24592
-1.64191	13.8184	4.60401	6.24592
-1.61972	13.6295	4.6262	6.24592
-1.59754	13.4022	4.64839	6.24592
-1.57535	13.4251	4.67057	6.24592
-1.55316	12.941	4.69276	6.24592
-1.53097	12.6243	4.71495	6.24592
-1.50878	13.1876	4.73714	6.24592
-1.4866	14.0344	4.75933	6.24592
-1.46441	14.1359	4.78151	6.24592
-1.44222	14.2805	4.8037	6.24592
-1.42003	13.9547	4.82589	6.24592
-1.39784	14.0573	4.84808	6.24592
-1.37566	14.1588	4.87027	6.24592
-1.35347	14.5082	4.89245	6.24592
-1.33128	14.7897	4.91464	6.24592
-1.30909	15.3798	4.93683	6.24592
-1.2869	15.935	4.95902	6.24592
-1.26472	16.525	4.98121	6.24592
-1.24253	17.0814	5.00339	6.24592
-1.22034	17.1623	5.02558	6.24592
-1.19815	17.2205	5.04777	6.24592
-1.17596	17.1065	5.06996	6.24592
-1.15378	17.3403	5.09215	6.24592
-1.13159	18.0084	5.11433	6.24592
-1.1094	18.7357	5.13652	6.24592
-1.08721	19.8646	5.15871	6.24592
-1.06502	20.4237	5.1809	6.24592
-1.04284	21.1387	5.20309	6.24592
-1.02065	22.0441	5.22527	6.24592
-0.99846	22.8742	5.24746	6.24592
-0.976272	23.7938	5.26965	6.24592
-0.954084	25.0887	5.29184	6.24592
-0.931896	26.3638	5.31403	6.24592
-0.909708	27.2357	5.33621	6.24592
-0.88752	27.7845	5.3584	6.24592
-0.865332	28.66	5.38059	6.24592
-0.843144	29.807	5.40278	6.24592
-0.820956	30.9564	5.42497	6.24592
-0.798768	31.8407	5.44715	6.24592
-0.77658	32.2223	5.46934	6.24592
-0.754392	32.1141	5.49153	6.24592
-0.732204	32.0021	5.51372	6.24592
-0.710016	32.1098	5.53591	6.24592
-0.687828	32.2482	5.55809	6.24592
-0.66564	32.4319	5.58028	6.24592
-0.643452	32.3111	5.60247	6.24592
-0.621264	32.0779	5.62466	6.24592
-0.599076	31.5704	5.64685	6.24592
-0.576888	30.6229	5.66903	6.24592
-0.5547	29.9208	5.69122	6.24592
-0.532512	29.2885	5.71341	6.24592
-0.510324	29.4671	5.7356	6.24592
-0.488136	30.3122	5.75779	6.24592
-0.465948	31.1132	5.77997	6.24592
-0.44376	31.1735	5.80216	6.24592
-0.421572	24.0191	5.82435	6.24592
-0.399384	14.8519	5.84654	6.24592
-0.377196	4.95764	5.86873	6.24592
-0.355008	0.40371	5.89091	6.24592
-0.33282	0	5.9131	6.24592
-0.310632	0	5.93529	6.24592
-0.288444	0	5.95748	6.24592
-0.266256	0	5.97967	6.24592
-0.244068	0	6.00185	6.24592
-0.22188	0	6.02404	6.24592
-0.199692	0	6.04623	6.24592
-0.177504	0	6.06842	6.24592
-0.155316	0	6.09061	6.24592
-0.133128	0	6.11279	6.24592
-0.11094	0	6.13498	6.24592
-0.088752	0	6.15717	6.24592
-0.066564	0	6.17936	6.24592
-0.044376	0	6.20155	6.24592
-0.022188	0	6.22373	6.24592
0	0	6.24592	6.24592
0.022188	0	6.26811	6.24592
0.044376	0	6.2903	6.24592
0.066564	0	6.31249	6.24592
0.088752	0	6.33467	6.24592
0.11094	0	6.35686	6.24592
0.133128	0	6.37905	6.24592
0.155316	0	6.40124	6.24592
0.177504	0	6.42343	6.24592
0.199692	0	6.44561	6.24592
0.22188	0	6.4678	6.24592
0.244068	0	6.48999	6.24592
0.266256	0	6.51218	6.24592
0.288444	0	6.53437	6.24592
0.310632	0	6.55655	6.24592
0.33282	0.291416	6.57874	6.24592
0.355008	0.605135	6.60093	6.24592
0.377196	1.63081	6.62312	6.24592
0.399384	3.19425	6.64531	6.24592
0.421572	4.57543	6.66749	6.24592
0.44376	7.26834	6.68968	6.24592
0.465948	13.7238	6.71187	6.24592
0.488136	19.8884	6.73406	6.24592
0.510324	23.0151	6.75625	6.24592
0.532512	23.4265	6.77843	6.24592
0.5547	23.3483	6.80062	6.24592
0.576888	22.4027	6.82281	6.24592
0.599076	21.2107	6.845	6.24592
0.621264	20.472	6.86719	6.24592
0.643452	20.229	6.88937	6.24592
0.66564	20.3237	6.91156	6.24592
0.687828	20.5061	6.93375	6.24592
0.710016	20.7464	6.95594	6.24592
0.732204	20.8592	6.97813	6.24592
0.754392	21.1513	7.00031	6.24592
0.77658	21.6774	7.0225	6.24592
0.798768	22.0696	7.04469	6.24592
0.820956	21.7205	7.06688	6.24592
0.843144	20.4493	7.08907	6.24592
0.865332	18.7399	7.11125	6.24592
0.88752	17.4617	7.13344	6.24592
0.909708	16.9743	7.15563	6.24592
0.931896	16.67	7.17782	6.24592
0.954084	16.2272	7.20001	6.24592
0.976272	15.85	7.22219	6.24592
0.99846	15.3024	7.24438	6.24592
1.02065	14.5025	7.26657	6.24592
1.04284	14.0608	7.28876	6.24592
1.06502	13.7905	7.31095	6.24592
1.08721	14.0714	7.33313	6.24592
1.1094	13.9905	7.35532	6.24592
1.13159	13.5905	7.37751	6.24592
1.15378	13.5282	7.3997	6.24592
1.17596	13.7517	7.42189	6.24592
1.19815	13.7603	7.44407	6.24592
1.22034	13.716	7.46626	6.24592
1.24253	13.7687	7.48845	6.24592
1.26472	13.9396	7.51064	6.24592
1.2869	13.8497	7.53283	6.24592
1.30909	13.959	7.55501	6.24592
1.33128	13.7552	7.5772	6.24592
1.35347	13.9379	7.59939	6.24592
1.37566	14.0029	7.62158	6.24592
1.39784	14.0691	7.64377	6.24592
1.42003	14.1673	7.66595	6.24592
1.44222	14.0076	7.68814	6.24592
1.46441	14.3643	7.71033	6.24592
1.4866	14.8639	7.73252	6.24592
1.50878	15.0153	7.75471	6.24592
1.53097	14.7886	7.77689	6.24592
1.55316	14.6619	7.79908	6.24592
1.57535	14.8375	7.82127	6.24592
1.59754	14.9128	7.84346	6.24592
1.61972	15.128	7.86565	6.24592
1.64191	15.4267	7.88783	6.24592
1.6641	15.3744	7.91002	6.24592
1.68629	15.6034	7.93221	6.24592
1.70848	15.5373	7.9544	6.24592
1.73066	15.2828	7.97659	6.24592
1.75285	15.3742	7.99877	6.24592
1.77504	15.2329	8.02096	6.24592
1.79723	14.9953	8.04315	6.24592
1.81942	14.8722	8.06534	6.24592
1.8416	15.3485	8.08753	6.24592
1.86379	15.4919	8.10971	6.24592
1.88598	15.5193	8.1319	6.24592
1.90817	15.1896	8.15409	6.24592
1.93036	14.8664	8.17628	6.24592
1.95254	14.8861	8.19847	6.24592
1.97473	14.871	8.22065	6.24592
1.99692	15.1371	8.24284	6.24592
2.01911	14.9106	8.26503	6.24592
2.0413	14.2861	8.28722	6.24592
2.06348	14.0271	8.30941	6.24592
2.08567	13.9723	8.33159	6.24592
2.10786	14.1428	8.35378	6.24592
2.13005	14.1543	8.37597	6.24592
2.15224	14.5687	8.39816	6.24592
2.17442	14.7723	8.42035	6.24592
2.19661	14.2394	8.44253	6.24592
2.2188	13.2939	8.46472	6.24592
2.24099	12.286	8.48691	6.24592
2.26318	11.5927	8.5091	6.24592
2.28536	11.0178	8.53129	6.24592
2.30755	10.2936	8.55347	6.24592
2.32974	10.1701	8.57566	6.24592
2.35193	9.78443	8.59785	6.24592
2.37412	9.29103	8.62004	6.24592
2.3963	8.66817	8.64223	6.24592
2.41849	7.63506	8.66441	6.24592
2.44068	7.1363	8.6866	6.24592
2.46287	6.50768	8.70879	6.24592
2.48506	5.54455	8.73098	6.24592
2.50724	4.86519	8.75317	6.24592
2.52943	4.34934	8.77535	6.24592
2.55162	4.42544	8.79754	6.24592
2.57381	4.34688	8.81973	6.24592
2.596	5.29136	8.84192	6.24592
2.61818	6.23497	8.86411	6.24592
2.64037	6.4163	8.88629	6.24592
2.66256	6.69265	8.90848	6.24592
2.68475	7.04621	8.93067	6.24592
2.70694	7.371	8.95286	6.24592
2.72912	7.2104	8.97505	6.24592
2.75131	6.73737	8.99723	6.24592
2.7735	6.49024	9.01942	6.24592
2.79569	6.3192	9.04161	6.24592
2.81788	5.75366	9.0638	6.24592
2.84006	5.57696	9.08599	6.24592
2.86225	5.4337	9.10817	6.24592
2.88444	5.24023	9.13036	6.24592
2.90663	5.17084	9.15255	6.24592
2.92882	5.2153	9.17474	6.24592
2.951	4.70546	9.19693	6.24592
2.97319	4.81737	9.21911	6.24592
2.99538	5.29383	9.2413	6.24592
3.01757	5.63222	9.26349	6.24592
3.03976	5.95088	9.28568	6.24592
3.06194	5.80659	9.30787	6.24592
3.08413	5.56996	9.33005	6.24592
3.10632	5.46297	9.35224	6.24592
3.12851	5.79607	9.37443	6.24592
3.1507	6.16142	9.39662	6.24592
3.17288	6.47224	9.41881	6.24592
3.19507	5.89683	9.44099	6.24592
3.21726	5.52087	9.46318	6.24592
3.23945	5.12258	9.48537	6.24592
3.26164	5.04386	9.50756	6.24592
3.28382	4.72807	9.52975	6.24592
3.30601	4.83574	9.55193	6.24592
3.3282	5.31451	9.57412	6.24592
3.35039	5.09737	9.59631	6.24592
3.37258	4.68206	9.6185	6.24592
3.39476	4.55818	9.64069	6.24592
3.41695	4.03649	9.66287	6.24592
3.43914	4.25854	9.68506	6.24592
3.46133	4.34524	9.70725	6.24592
3.48352	4.95242	9.72944	6.24592
3.5057	5.39824	9.75163	6.24592
3.52789	5.14012	9.77381	6.24592
3.55008	4.73498	9.796	6.24592
3.57227	4.60396	9.81819	6.24592
3.59446	4.49492	9.84038	6.24592
3.61664	4.71156	9.86257	6.24592
3.63883	4.47712	9.88475	6.24592
3.66102	3.40319	9.90694	6.24592
3.68321	3.105	9.92913	6.24592
3.7054	3.24814	9.95132	6.24592
3.72758	3.65966	9.97351	6.24592
3.74977	3.69761	9.99569	6.24592
3.77196	3.32186	10.0179	6.24592
3.79415	3.37467	10.0401	6.24592
3.81634	3.30628	10.0623	6.24592
3.83852	3.03318	10.0844	6.24592
3.86071	2.66659	10.1066	6.24592
3.8829	2.53188	10.1288	6.24592
3.90509	2.52315	10.151	6.24592
3.92728	2.27351	10.1732	6.24592
3.94946	1.74442	10.1954	6.24592
3.97165	1.26071	10.2176	6.24592
3.99384	0.735339	10.2398	6.24592
4.01603	0.470607	10.262	6.24592
4.03822	0.634991	10.2841	6.24592
4.0604	0	10.3063	6.24592
4.08259	0.0105483	10.3285	6.24592
4.10478	-0.00879138	10.3507	6.24592
4.12697	0.29485	10.3729	6.24592
4.14916	0.439099	10.3951	6.24592
4.17134	0.523232	10.4173	6.24592
4.19353	0.787045	10.4395	6.24592
4.21572	1.04353	10.4616	6.24592
4.23791	0.771384	10.4838	6.24592
4.2601	0.394939	10.506	6.24592
4.28228	0.628187	10.5282	6.24592
4.30447	0.884188	10.5504	6.24592
4.32666	0.88684	10.5726	6.24592
4.34885	1.19685	10.5948	6.24592
4.37104	1.13738	10.617	6.24592
4.39322	0.705399	10.6391	6.24592
4.41541	0.4124	10.6613	6.24592
4.4376	0.777404	10.6835	6.24592
4.45979	1.19702	10.7057	6.24592
4.48198	1.89619	10.7279	6.24592
4.50416	1.87648	10.7501	6.24592
4.52635	1.5995	10.7723	6.24592
4.54854	1.77438	10.7945	6.24592
4.57073	1.53597	10.8167	6.24592
4.59292	0.865104	10.8388	6.24592
4.6151	0.385881	10.861	6.24592
4.63729	-0.068183	10.8832	6.24592
4.65948	-0.986305	10.9054	6.24592
4.68167	-2.5654	10.9276	6.24592
4.70386	-2.79982	10.9498	6.24592
4.72604	-1.80266	10.972	6.24592
4.74823	-1.5578	10.9942	6.24592
4.77042	-1.20767	11.0163	6.24592
4.79261	-0.175312	11.0385	6.24592
4.8148	0	11.0607	6.24592
4.83698	0	11.0829	6.24592
4.85917	0.0481178	11.1051	6.24592
4.88136	-0.00443754	11.1273	6.24592
4.90355	0.084622	11.1495	6.24592
4.92574	0.0493208	11.1717	6.24592
4.94792	-0.197255	11.1938	6.24592
4.97011	0	11.216	6.24592
4.9923	0	11.2382	6.24592
5.01449	0	11.2604	6.24592
5.03668	0	11.2826	6.24592
5.05886	0	11.3048	6.24592
5.08105	0	11.327	6.24592
5.10324	0	11.3492	6.24592
5.12543	0	11.3714	6.24592
5.14762	0	11.3935	6.24592
5.1698	0	11.4157	6.24592
5.19199	0	11.4379	6.24592
5.21418	0	11.4601	6.24592
5.23637	0	11.4823	6.24592
5.25856	0	11.5045	6.24592
5.28074	0	11.5267	6.24592
5.30293	0	11.5489	6.24592
5.32512	0	11.571	6.24592
5.34731	0	11.5932	6.24592
5.3695	0	11.6154	6.24592
5.39168	0	11.6376	6.24592
5.41387	0	11.6598	6.24592
5.43606	0	11.682	6.24592
5.45825	0	11.7042	6.24592
5.48044	0	11.7264	6.24592
5.50262	0	11.7485	6.24592
5.52481	0	11.7707	6.24592
5.547	0	11.7929	6.24592
5.56919	0	11.8151	6.24592
5.59138	0	11.8373	6.24592
5.61356	0	11.8595	6.24592
5.63575	0	11.8817	6.24592
5.65794	0	11.9039	6.24592
5.68013	0	11.9261	6.24592
5.70232	0	11.9482	6.24592
5.7245	0	11.9704	6.24592
5.74669	0	11.9926	6.24592
5.76888	0	12.0148	6.24592
5.79107	0	12.037	6.24592
5.81326	0	12.0592	6.24592
5.83544	0	12.0814	6.24592
5.85763	-0.534239	12.1036	6.24592
5.87982	0	12.1257	6.24592
5.90201	0	12.1479	6.24592
