# x_rel_mm	value	x_abs_mm	center_mm
-6.32358	0	0.011094	6.33467
-6.30139	0	0.033282	6.33467
-6.2792	0	0.05547	6.33467
-6.25702	0	0.077658	6.33467
-6.23483	0	0.099846	6.33467
-6.21264	0	0.122034	6.33467
-6.19045	0	0.144222	6.33467
-6.16826	0	0.16641	6.33467
-6.14608	0	0.188598	6.33467
-6.12389	0	0.210786	6.33467
-6.1017	0	0.232974	6.33467
-6.07951	0	0.255162	6.33467
-6.05732	0	0.27735	6.33467
-6.03514	0	0.299538	6.33467
-6.01295	0	0.321726	6.33467
-5.99076	0	0.343914	6.33467
-5.96857	0	0.366102	6.33467
-5.94638	0	0.38829	6.33467
-5.9242	0	0.410478	6.33467
-5.90201	0	0.432666	6.33467
-5.87982	0	0.454854	6.33467
-5.85763	0	0.477042	6.33467
-5.83544	0	0.49923	6.33467
-5.81326	0	0.521418	6.33467
-5.79107	0	0.543606	6.33467
-5.76888	0	0.565794	6.33467
-5.74669	0	0.587982	6.33467
-5.7245	0	0.61017	6.33467
-5.70232	0	0.632358	6.33467
-5.68013	0	0.654546	6.33467
-5.65794	0	0.676734	6.33467
-5.63575	0	0.698922	6.33467
-5.61356	0	0.72111	6.33467
-5.59138	0	0.743298	6.33467
-5.56919	0	0.765486	6.33467
-5.547	0	0.787674	6.33467
-5.52481	0	0.809862	6.33467
-5.50262	0	0.83205	6.33467
-5.48044	0	0.854238	6.33467
-5.45825	0	0.876426	6.33467
-5.43606	0	0.898614	6.33467
-5.41387	0	0.920802	6.33467
-5.39168	0	0.94299	6.33467
-5.3695	0	0.965178	6.33467
-5.34731	0	0.987366	6.33467
-5.32512	0	1.00955	6.33467
-5.30293	0	1.03174	6.33467
-5.28074	0	1.05393	6.33467
-5.25856	0	1.07612	6.33467
-5.23637	0	1.09831	6.33467
-5.21418	0	1.12049	6.33467
-5.19199	0	1.14268	6.33467
-5.1698	0	1.16487	6.33467
-5.14762	0	1.18706	6.33467
-5.12543	0	1.20925	6.33467
-5.10324	0	1.23143	6.33467
-5.08105	0	1.25362	6.33467
-5.05886	0	1.27581	6.33467
-5.03668	0	1.298	6.33467
-5.01449	0	1.32019	6.33467
-4.9923	0	1.34237	6.33467
-4.97011	0	1.36456	6.33467
-4.94792	0	1.38675	6.33467
-4.92574	0	1.40894	6.33467
-4.90355	0	1.43113	6.33467
-4.88136	0	1.45331	6.33467
-4.85917	0	1.4755	6.33467
-4.83698	0	1.49769	6.33467
-4.8148	0	1.51988	6.33467
-4.79261	0	1.54207	6.33467
-4.77042	-0.318337	1.56425	6.33467
-4.74823	-1.43196	1.58644	6.33467
-4.72604	-2.65146	1.60863	6.33467
-4.70386	0.0706529	1.63082	6.33467
-4.68167	2.37031	1.65301	6.33467
-4.65948	2.29114	1.67519	6.33467
-4.63729	7.08205	1.69738	6.33467
-4.6151	2.01363	1.71957	6.33467
-4.59292	2.6704	1.74176	6.33467
-4.57073	2.53797	1.76395	6.33467
-4.54854	1.14372	1.78613	6.33467
-4.52635	-0.58902	1.80832	6.33467
-4.50416	-2.48164	1.83051	6.33467
-4.48198	-5.00357	1.8527	6.33467
-4.45979	-3.58432	1.87489	6.33467
-4.4376	7.80658	1.89707	6.33467
-4.41541	-3.31815	1.91926	6.33467
-4.39322	0	1.94145	6.33467
-4.37104	0	1.96364	6.33467
-4.34885	0	1.98583	6.33467
-4.32666	1.28058	2.00801	6.33467
-4.30447	1.84139	2.0302	6.33467
-4.28228	2.49193	2.05239	6.33467
-4.2601	1.94469	2.07458	6.33467
-4.23791	1.53251	2.09677	6.33467
-4.21572	1.26767	2.11895	6.33467
-4.19353	0.785929	2.14114	6.33467
-4.17134	0.454319	2.16333	6.33467
-4.14916	0.495264	2.18552	6.33467
-4.12697	0.00470541	2.20771	6.33467
-4.10478	0.00388225	2.22989	6.33467
-4.08259	0.103273	2.25208	6.33467
-4.0604	0.309356	2.27427	6.33467
-4.03822	0.520469	2.29646	6.33467
-4.01603	1.22372	2.31865	6.33467
-3.99384	1.93002	2.34083	6.33467
-3.97165	1.39165	2.36302	6.33467
-3.94946	1.18688	2.38521	6.33467
-3.92728	1.46463	2.4074	6.33467
-3.90509	1.44982	2.42959	6.33467
-3.8829	1.03525	2.45177	6.33467
-3.86071	1.10178	2.47396	6.33467
-3.83852	1.28619	2.49615	6.33467
-3.81634	1.43671	2.51834	6.33467
-3.79415	1.50045	2.54053	6.33467
-3.77196	1.62529	2.56271	6.33467
-3.74977	2.4664	2.5849	6.33467
-3.72758	3.09142	2.60709	6.33467
-3.7054	4.40346	2.62928	6.33467
-3.68321	5.31486	2.65147	6.33467
-3.66102	5.67358	2.67365	6.33467
-3.63883	5.54195	2.69584	6.33467
-3.61664	5.47637	2.71803	6.33467
-3.59446	5.77311	2.74022	6.33467
-3.57227	5.35602	2.76241	6.33467
-3.55008	5.69997	2.78459	6.33467
-3.52789	6.31356	2.80678	6.33467
-3.5057	5.96468	2.82897	6.33467
-3.48352	5.36151	2.85116	6.33467
-3.46133	5.44442	2.87335	6.33467
-3.43914	5.52778	2.89553	6.33467
-3.41695	5.99162	2.91772	6.33467
-3.39476	6.2718	2.93991	6.33467
-3.37258	6.42747	2.9621	6.33467
-3.35039	6.47803	2.98429	6.33467
-3.3282	6.22886	3.00647	6.33467
-3.30601	5.73082	3.02866	6.33467
-3.28382	5.79118	3.05085	6.33467
-3.26164	5.66095	3.07304	6.33467
-3.23945	6.17952	3.09523	6.33467
-3.21726	6.34	3.11741	6.33467
-3.19507	6.62847	3.1396	6.33467
-3.17288	7.06907	3.16179	6.33467
-3.1507	7.65112	3.18398	6.33467
-3.12851	7.51191	3.20617	6.33467
-3.10632	7.12334	3.22835	6.33467
-3.08413	7.12205	3.25054	6.33467
-3.06194	7.30093	3.27273	6.33467
-3.03976	7.39289	3.29492	6.33467
-3.01757	7.48823	3.31711	6.33467
-2.99538	7.99422	3.33929	6.33467
-2.97319	8.20537	3.36148	6.33467
-2.951	8.1898	3.38367	6.33467
-2.92882	8.17523	3.40586	6.33467
-2.90663	8.32137	3.42805	6.33467
-2.88444	8.10462	3.45023	6.33467
-2.86225	7.93447	3.47242	6.33467
-2.84006	7.9334	3.49461	6.33467
-2.81788	8.02476	3.5168	6.33467
-2.79569	7.96337	3.53899	6.33467
-2.7735	8.27426	3.56117	6.33467
-2.75131	8.46728	3.58336	6.33467
-2.72912	8.12115	3.60555	6.33467
-2.70694	8.45504	3.62774	6.33467
-2.68475	8.41066	3.64993	6.33467
-2.66256	8.16394	3.67211	6.33467
-2.64037	8.33733	3.6943	6.33467
-2.61818	8.21094	3.71649	6.33467
-2.596	8.18067	3.73868	6.33467
-2.57381	8.02227	3.76087	6.33467
-2.55162	7.7529	3.78305	6.33467
-2.52943	8.39516	3.80524	6.33467
-2.50724	8.29904	3.82743	6.33467
-2.48506	8.10384	3.84962	6.33467
-2.46287	8.10986	3.87181	6.33467
-2.44068	8.53661	3.89399	6.33467
-2.41849	9.12235	3.91618	6.33467
-2.3963	9.94688	3.93837	6.33467
-2.37412	10.6559	3.96056	6.33467
-2.35193	10.9193	3.98275	6.33467
-2.32974	11.6404	4.00493	6.33467
-2.30755	12.2673	4.02712	6.33467
-2.28536	12.5146	4.04931	6.33467
-2.26318	12.8248	4.0715	6.33467
-2.24099	12.6745	4.09369	6.33467
-2.2188	12.9165	4.11587	6.33467
-2.19661	13.4402	4.13806	6.33467
-2.17442	13.9198	4.16025	6.33467
-2.15224	13.6717	4.18244	6.33467
-2.13005	13.3083	4.20463	6.33467
-2.10786	13.9344	4.22681	6.33467
-2.08567	14.3087	4.249	6.33467
-2.06348	14.2845	4.27119	6.33467
-2.0413	14.6814	4.29338	6.33467
-2.01911	14.7033	4.31557	6.33467
-1.99692	14.7448	4.33775	6.33467
-1.97473	14.9971	4.35994	6.33467
-1.95254	14.958	4.38213	6.33467
-1.93036	14.9686	4.40432	6.33467
-1.90817	15.2105	4.42651	6.33467
-1.88598	15.1564	4.44869	6.33467
-1.86379	15.3157	4.47088	6.33467
-1.8416	15.531	4.49307	6.33467
-1.81942	16.0319	4.51526	6.33467
-1.79723	16.0881	4.53745	6.33467
-1.77504	15.5972	4.55963	6.33467
-1.75285	15.3718	4.58182	6.33467
-1.73066	15.9795	4.60401	6.33467
-1.70848	16.3104	4.6262	6.33467
-1.68629	16.5328	4.64839	6.33467
-1.6641	16.7711	4.67057	6.33467
-1.64191	16.9208	4.69276	6.33467
-1.61972	17.2072	4.71495	6.33467
-1.59754	17.3775	4.73714	6.33467
-1.57535	17.9421	4.75933	6.33467
-1.55316	18.3181	4.78151	6.33467
-1.53097	18.561	4.8037	6.33467
-1.50878	18.7437	4.82589	6.33467
-1.4866	19.4238	4.84808	6.33467
-1.46441	20.3098	4.87027	6.33467
-1.44222	20.6613	4.89245	6.33467
-1.42003	21.0992	4.91464	6.33467
-1.39784	21.609	4.93683	6.33467
-1.37566	22.0743	4.95902	6.33467
-1.35347	22.7936	4.98121	6.33467
-1.33128	23.4945	5.00339	6.33467
-1.30909	24.6013	5.02558	6.33467
-1.2869	24.9867	5.04777	6.33467
-1.26472	25.4035	5.06996	6.33467
-1.24253	25.801	5.09215	6.33467
-1.22034	26.3064	5.11433	6.33467
-1.19815	27.0854	5.13652	6.33467
-1.17596	27.5957	5.15871	6.33467
-1.15378	28.596	5.1809	6.33467
-1.13159	29.4733	5.20309	6.33467
-1.1094	30.4243	5.22527	6.33467
-1.08721	31.6008	5.24746	6.33467
-1.06502	32.7161	5.26965	6.33467
-1.04284	33.5371	5.29184	6.33467
-1.02065	34.5037	5.31403	6.33467
-0.99846	35.3797	5.33621	6.33467
-0.976272	36.0036	5.3584	6.33467
-0.954084	36.0843	5.38059	6.33467
-0.931896	36.0331	5.40278	6.33467
-0.909708	35.5043	5.42497	6.33467
-0.88752	35.0741	5.44715	6.33467
-0.865332	34.7896	5.46934	6.33467
-0.843144	34.2514	5.49153	6.33467
-0.820956	33.4277	5.51372	6.33467
-0.798768	32.235	5.53591	6.33467
-0.77658	31.1105	5.55809	6.33467
-0.754392	29.8688	5.58028	6.33467
-0.732204	29.0938	5.60247	6.33467
-0.710016	28.8352	5.62466	6.33467
-0.687828	28.1052	5.64685	6.33467
-0.66564	27.0978	5.66903	6.33467
-0.643452	25.8197	5.69122	6.33467
-0.621264	24.2417	5.71341	6.33467
-0.599076	22.9	5.7356	6.33467
-0.576888	21.2089	5.75779	6.33467
-0.5547	19.3965	5.77997	6.33467
-0.532512	17.9889	5.80216	6.33467
-0.510324	16.5148	5.82435	6.33467
-0.488136	14.8405	5.84654	6.33467
-0.465948	12.4937	5.86873	6.33467
-0.44376	8.56539	5.89091	6.33467
-0.421572	3.4466	5.9131	6.33467
-0.399384	0.645115	5.93529	6.33467
-0.377196	0	5.95748	6.33467
-0.355008	0	5.97967	6.33467
-0.33282	0	6.00185	6.33467
-0.310632	0	6.02404	6.33467
-0.288444	0	6.04623	6.33467
-0.266256	0	6.06842	6.33467
-0.244068	0	6.09061	6.33467
-0.22188	0	6.11279	6.33467
-0.199692	0	6.13498	6.33467
-0.177504	0	6.15717	6.33467
-0.155316	0	6.17936	6.33467
-0.133128	0	6.20155	6.33467
-0.11094	0	6.22373	6.33467
-0.088752	0	6.24592	6.33467
-0.066564	0	6.26811	6.33467
-0.044376	0	6.2903	6.33467
-0.022188	0	6.31249	6.33467
0	0	6.33467	6.33467
0.022188	0	6.35686	6.33467
0.044376	0	6.37905	6.33467
0.066564	0	6.40124	6.33467
0.088752	0	6.42343	6.33467
0.11094	0	6.44561	6.33467
0.133128	0	6.4678	6.33467
0.155316	0	6.48999	6.33467
0.177504	0	6.51218	6.33467
0.199692	0	6.53437	6.33467
0.22188	0	6.55655	6.33467
0.244068	0	6.57874	6.33467
0.266256	0	6.60093	6.33467
0.288444	0	6.62312	6.33467
0.310632	0	6.64531	6.33467
0.33282	0	6.66749	6.33467
0.355008	0	6.68968	6.33467
0.377196	0.104672	6.71187	6.33467
0.399384	1.31906	6.73406	6.33467
0.421572	4.2411	6.75625	6.33467
0.44376	10.209	6.77843	6.33467
0.465948	12.5069	6.80062	6.33467
0.488136	15.2356	6.82281	6.33467
0.510324	17.2196	6.845	6.33467
0.532512	19.219	6.86719	6.33467
0.5547	19.7712	6.88937	6.33467
0.576888	19.1206	6.91156	6.33467
0.599076	18.6134	6.93375	6.33467
0.621264	17.7751	6.95594	6.33467
0.643452	16.7967	6.97813	6.33467
0.66564	16.1481	7.00031	6.33467
0.687828	15.8351	7.0225	6.33467
0.710016	15.0707	7.04469	6.33467
0.732204	14.4442	7.06688	6.33467
0.754392	13.3542	7.08907	6.33467
0.77658	12.9351	7.11125	6.33467
0.798768	13.0463	7.13344	6.33467
0.820956	13.5264	7.15563	6.33467
0.843144	14.3902	7.17782	6.33467
0.865332	15.1429	7.20001	6.33467
0.88752	15.4525	7.22219	6.33467
0.909708	15.87	7.24438	6.33467
0.931896	15.7885	7.26657	6.33467
0.954084	15.8164	7.28876	6.33467
0.976272	16.0167	7.31095	6.33467
0.99846	16.2325	7.33313	6.33467
1.02065	16.2783	7.35532	6.33467
1.04284	16.2486	7.37751	6.33467
1.06502	16.2074	7.3997	6.33467
1.08721	16.1655	7.42189	6.33467
1.1094	16.2195	7.44407	6.33467
1.13159	16.4835	7.46626	6.33467
1.15378	16.357	7.48845	6.33467
1.17596	16.3224	7.51064	6.33467
1.19815	16.5866	7.53283	6.33467
1.22034	16.3682	7.55501	6.33467
1.24253	16.428	7.5772	6.33467
1.26472	16.6946	7.59939	6.33467
1.2869	17.3117	7.62158	6.33467
1.30909	17.4918	7.64377	6.33467
1.33128	17.6485	7.66595	6.33467
1.35347	17.2233	7.68814	6.33467
1.37566	17.2133	7.71033	6.33467
1.39784	17.6852	7.73252	6.33467
1.42003	17.6634	7.75471	6.33467
1.44222	17.5037	7.77689	6.33467
1.46441	17.6931	7.79908	6.33467
1.4866	17.7287	7.82127	6.33467
1.50878	17.2037	7.84346	6.33467
1.53097	16.7171	7.86565	6.33467
1.55316	16.6192	7.88783	6.33467
1.57535	16.8078	7.91002	6.33467
1.59754	17.0234	7.93221	6.33467
1.61972	17.0694	7.9544	6.33467
1.64191	17.4792	7.97659	6.33467
1.6641	17.3207	7.99877	6.33467
1.68629	17.0472	8.02096	6.33467
1.70848	16.2698	8.04315	6.33467
1.73066	16.3186	8.06534	6.33467
1.75285	16.394	8.08753	6.33467
1.77504	16.8335	8.10971	6.33467
1.79723	17.1151	8.1319	6.33467
1.81942	16.7302	8.15409	6.33467
1.8416	16.5805	8.17628	6.33467
1.86379	16.2618	8.19847	6.33467
1.88598	15.9741	8.22065	6.33467
1.90817	15.8555	8.24284	6.33467
1.93036	16.1385	8.26503	6.33467
1.95254	15.8768	8.28722	6.33467
1.97473	15.8282	8.30941	6.33467
1.99692	15.8491	8.33159	6.33467
2.01911	15.6383	8.35378	6.33467
2.0413	15.5124	8.37597	6.33467
2.06348	15.8501	8.39816	6.33467
2.08567	15.9685	8.42035	6.33467
2.10786	15.8182	8.44253	6.33467
2.13005	15.5264	8.46472	6.33467
2.15224	15.2576	8.48691	6.33467
2.17442	15.2991	8.5091	6.33467
2.19661	14.7225	8.53129	6.33467
2.2188	13.921	8.55347	6.33467
2.24099	12.987	8.57566	6.33467
2.26318	12.2237	8.59785	6.33467
2.28536	11.5001	8.62004	6.33467
2.30755	10.8963	8.64223	6.33467
2.32974	10.7778	8.66441	6.33467
2.35193	10.1848	8.6866	6.33467
2.37412	9.60411	8.70879	6.33467
2.3963	9.02028	8.73098	6.33467
2.41849	8.50932	8.75317	6.33467
2.44068	8.06133	8.77535	6.33467
2.46287	7.82964	8.79754	6.33467
2.48506	8.1585	8.81973	6.33467
2.50724	8.17421	8.84192	6.33467
2.52943	7.98068	8.86411	6.33467
2.55162	7.4941	8.88629	6.33467
2.57381	7.45704	8.90848	6.33467
2.596	7.09942	8.93067	6.33467
2.61818	6.75166	8.95286	6.33467
2.64037	6.70243	8.97505	6.33467
2.66256	6.57864	8.99723	6.33467
2.68475	6.92509	9.01942	6.33467
2.70694	7.17206	9.04161	6.33467
2.72912	7.67732	9.0638	6.33467
2.75131	7.57213	9.08599	6.33467
2.7735	6.95223	9.10817	6.33467
2.79569	6.86019	9.13036	6.33467
2.81788	7.0543	9.15255	6.33467
2.84006	6.98634	9.17474	6.33467
2.86225	6.23831	9.19693	6.33467
2.88444	5.79316	9.21911	6.33467
2.90663	6.15738	9.2413	6.33467
2.92882	5.82639	9.26349	6.33467
2.951	5.81685	9.28568	6.33467
2.97319	6.00562	9.30787	6.33467
2.99538	6.02508	9.33005	6.33467
3.01757	6.37923	9.35224	6.33467
3.03976	6.5333	9.37443	6.33467
3.06194	6.28986	9.39662	6.33467
3.08413	6.13567	9.41881	6.33467
3.10632	5.92867	9.44099	6.33467
3.12851	6.18292	9.46318	6.33467
3.1507	6.54931	9.48537	6.33467
3.17288	6.47961	9.50756	6.33467
3.19507	6.43625	9.52975	6.33467
3.21726	5.85342	9.55193	6.33467
3.23945	5.61555	9.57412	6.33467
3.26164	6.11158	9.59631	6.33467
3.28382	6.47798	9.6185	6.33467
3.30601	6.65346	9.64069	6.33467
3.3282	6.24219	9.66287	6.33467
3.35039	5.92091	9.68506	6.33467
3.37258	5.61177	9.70725	6.33467
3.39476	4.94862	9.72944	6.33467
3.41695	4.75579	9.75163	6.33467
3.43914	4.47136	9.77381	6.33467
3.46133	4.4094	9.796	6.33467
3.48352	4.23855	9.81819	6.33467
3.5057	3.77752	9.84038	6.33467
3.52789	3.71995	9.86257	6.33467
3.55008	3.66498	9.88475	6.33467
3.57227	3.44563	9.90694	6.33467
3.59446	3.3042	9.92913	6.33467
3.61664	2.90962	9.95132	6.33467
3.63883	2.87248	9.97351	6.33467
3.66102	2.7981	9.99569	6.33467
3.68321	2.72491	10.0179	6.33467
3.7054	2.53845	10.0401	6.33467
3.72758	2.38506	10.0623	6.33467
3.74977	1.84949	10.0844	6.33467
3.77196	1.59605	10.1066	6.33467
3.79415	1.40324	10.1288	6.33467
3.81634	1.36445	10.151	6.33467
3.83852	1.00364	10.1732	6.33467
3.86071	1.10803	10.1954	6.33467
3.8829	0.856347	10.2176	6.33467
3.90509	0.560565	10.2398	6.33467
3.92728	0.205717	10.262	6.33467
3.94946	0.153561	10.2841	6.33467
3.97165	-0.158759	10.3063	6.33467
3.99384	-0.0927994	10.3285	6.33467
4.01603	0.145028	10.3507	6.33467
4.03822	0.65336	10.3729	6.33467
4.0604	1.13784	10.3951	6.33467
4.08259	0.99379	10.4173	6.33467
4.10478	0.927782	10.4395	6.33467
4.12697	0.817651	10.4616	6.33467
4.14916	1.10639	10.4838	6.33467
4.17134	1.25583	10.506	6.33467
4.19353	1.3443	10.5282	6.33467
4.21572	2.00971	10.5504	6.33467
4.23791	2.64509	10.5726	6.33467
4.2601	2.42057	10.5948	6.33467
4.28228	1.85204	10.617	6.33467
4.30447	1.71597	10.6391	6.33467
4.32666	1.80764	10.6613	6.33467
4.34885	2.02931	10.6835	6.33467
4.37104	2.47844	10.7057	6.33467
4.39322	2.87171	10.7279	6.33467
4.41541	2.75436	10.7501	6.33467
4.4376	2.97201	10.7723	6.33467
4.45979	3.81512	10.7945	6.33467
4.48198	4.41015	10.8167	6.33467
4.50416	4.90637	10.8388	6.33467
4.52635	4.82827	10.861	6.33467
4.54854	4.17909	10.8832	6.33467
4.57073	2.57386	10.9054	6.33467
4.59292	0.419025	10.9276	6.33467
4.6151	-0.711443	10.9498	6.33467
4.63729	-0.627516	10.972	6.33467
4.65948	-0.537331	10.9942	6.33467
4.68167	-0.859507	11.0163	6.33467
4.70386	-1.07432	11.0385	6.33467
4.72604	0.004965	11.0607	6.33467
4.74823	0	11.0829	6.33467
4.77042	0	11.1051	6.33467
4.79261	0	11.1273	6.33467
4.8148	0	11.1495	6.33467
4.83698	0	11.1717	6.33467
4.85917	0	11.1938	6.33467
4.88136	0	11.216	6.33467
4.90355	0	11.2382	6.33467
4.92574	0	11.2604	6.33467
4.94792	0	11.2826	6.33467
4.97011	0	11.3048	6.33467
4.9923	0	11.327	6.33467
5.01449	0	11.3492	6.33467
5.03668	0	11.3714	6.33467
5.05886	0	11.3935	6.33467
5.08105	0	11.4157	6.33467
5.10324	0	11.4379	6.33467
5.12543	0	11.4601	6.33467
5.14762	0	11.4823	6.33467
5.1698	0	11.5045	6.33467
5.19199	0	11.5267	6.33467
5.21418	0	11.5489	6.33467
5.23637	0	11.571	6.33467
5.25856	0	11.5932	6.33467
5.28074	0	11.6154	6.33467
5.30293	0	11.6376	6.33467
5.32512	0	11.6598	6.33467
5.34731	0	11.682	6.33467
5.3695	0	11.7042	6.33467
5.39168	0	11.7264	6.33467
5.41387	0	11.7485	6.33467
5.43606	0	11.7707	6.33467
5.45825	0	11.7929	6.33467
5.48044	0	11.8151	6.33467
5.50262	0	11.8373	6.33467
5.52481	0	11.8595	6.33467
5.547	0	11.8817	6.33467
5.56919	0	11.9039	6.33467
5.59138	0	11.9261	6.33467
5.61356	0	11.9482	6.33467
5.63575	0	11.9704	6.33467
5.65794	0	11.9926	6.33467
5.68013	0	12.0148	6.33467
5.70232	0	12.037	6.33467
5.7245	0	12.0592	6.33467
5.74669	0	12.0814	6.33467
5.76888	0	12.1036	6.33467
5.79107	0	12.1257	6.33467
5.81326	0	12.1479	6.33467
