# x_abs_mm	x_rel_mm	value
0.011094	-6.06842	0
0.033282	-6.04623	0
0.05547	-6.02404	0
0.077658	-6.00185	0
0.099846	-5.97967	0
0.122034	-5.95748	0
0.144222	-5.93529	0
0.16641	-5.9131	0
0.188598	-5.89091	0
0.210786	-5.86873	0
0.232974	-5.84654	0
0.255162	-5.82435	0
0.27735	-5.80216	0
0.299538	-5.77997	0
0.321726	-5.75779	0
0.343914	-5.7356	0
0.366102	-5.71341	0
0.38829	-5.69122	0
0.410478	-5.66903	0
0.432666	-5.64685	0
0.454854	-5.62466	0
0.477042	-5.60247	0
0.49923	-5.58028	0
0.521418	-5.55809	0
0.543606	-5.53591	0
0.565794	-5.51372	0
0.587982	-5.49153	0
0.61017	-5.46934	0
0.632358	-5.44715	0
0.654546	-5.42497	0
0.676734	-5.40278	0
0.698922	-5.38059	0
0.72111	-5.3584	0
0.743298	-5.33621	0
0.765486	-5.31403	0
0.787674	-5.29184	0
0.809862	-5.26965	0
0.83205	-5.24746	0
0.854238	-5.22527	0
0.876426	-5.20309	0
0.898614	-5.1809	0
0.920802	-5.15871	0
0.94299	-5.13652	0
0.965178	-5.11433	0
0.987366	-5.09215	0
1.00955	-5.06996	0
1.03174	-5.04777	0
1.05393	-5.02558	0
1.07612	-5.00339	0
1.09831	-4.98121	0
1.12049	-4.95902	0
1.14268	-4.93683	0
1.16487	-4.91464	0
1.18706	-4.89245	0
1.20925	-4.87027	0
1.23143	-4.84808	0
1.25362	-4.82589	0
1.27581	-4.8037	0
1.298	-4.78151	0
1.32019	-4.75933	0
1.34237	-4.73714	0
1.36456	-4.71495	0
1.38675	-4.69276	0
1.40894	-4.67057	0
1.43113	-4.64839	0
1.45331	-4.6262	0
1.4755	-4.60401	0
1.49769	-4.58182	0
1.51988	-4.55963	0
1.54207	-4.53745	0
1.56425	-4.51526	-0.0402476
1.58644	-4.49307	-0.193478
1.60863	-4.47088	-0.105838
1.63082	-4.44869	-0.0609393
1.65301	-4.42651	-0.0483987
1.67519	-4.40432	0.0102908
1.69738	-4.38213	0.03598
1.71957	-4.35994	0.0215108
1.74176	-4.33775	0.048435
1.76395	-4.31557	0.0335387
1.78613	-4.29338	0.00243199
1.80832	-4.27119	-0.0596335
1.83051	-4.249	-0.104455
1.8527	-4.22681	-0.16202
1.87489	-4.20463	-0.522681
1.89707	-4.18244	-0.161933
1.91926	-4.16025	-0.455178
1.94145	-4.13806	0
1.96364	-4.11587	0
1.98583	-4.09369	0
2.00801	-4.0715	0
2.0302	-4.04931	0
2.05239	-4.02712	0
2.07458	-4.00493	0
2.09677	-3.98275	0
2.11895	-3.96056	0
2.14114	-3.93837	0
2.16333	-3.91618	0
2.18552	-3.89399	0
2.20771	-3.87181	0
2.22989	-3.84962	0
2.25208	-3.82743	0
2.27427	-3.80524	0
2.29646	-3.78305	0
2.31865	-3.76087	0.0520326
2.34083	-3.73868	0.134873
2.36302	-3.71649	0.0984841
2.38521	-3.6943	0.0771981
2.4074	-3.67211	0.0657975
2.42959	-3.64993	0.0376589
2.45177	-3.62774	0.0294797
2.47396	-3.60555	0.0199923
2.49615	-3.58336	0.021037
2.51834	-3.56117	0.0298782
2.54053	-3.53899	0.0311491
2.56271	-3.5168	0.0264817
2.5849	-3.49461	0.0401845
2.60709	-3.47242	0.0653877
2.62928	-3.45023	0.0652609
2.65147	-3.42805	0.0601484
2.67365	-3.40586	0.0823121
2.69584	-3.38367	0.122399
2.71803	-3.36148	0.132821
2.74022	-3.33929	0.144332
2.76241	-3.31711	0.138972
2.78459	-3.29492	0.127796
2.80678	-3.27273	0.126721
2.82897	-3.25054	0.106229
2.85116	-3.22835	0.0921999
2.87335	-3.20617	0.0898546
2.89553	-3.18398	0.0854064
2.91772	-3.16179	0.069961
2.93991	-3.1396	0.0569224
2.9621	-3.11741	0.0727929
2.98429	-3.09523	0.0888467
3.00647	-3.07304	0.110643
3.02866	-3.05085	0.104751
3.05085	-3.02866	0.0928452
3.07304	-3.00647	0.0747882
3.09523	-2.98429	0.0831217
3.11741	-2.9621	0.0947464
3.1396	-2.93991	0.118626
3.16179	-2.91772	0.125965
3.18398	-2.89553	0.141455
3.20617	-2.87335	0.148463
3.22835	-2.85116	0.149833
3.25054	-2.82897	0.157586
3.27273	-2.80678	0.141924
3.29492	-2.78459	0.107394
3.31711	-2.76241	0.119322
3.33929	-2.74022	0.130452
3.36148	-2.71803	0.14602
3.38367	-2.69584	0.17727
3.40586	-2.67365	0.185782
3.42805	-2.65147	0.169941
3.45023	-2.62928	0.145768
3.47242	-2.60709	0.1145
3.49461	-2.5849	0.0955875
3.5168	-2.56271	0.0905422
3.53899	-2.54053	0.0881427
3.56117	-2.51834	0.0830777
3.58336	-2.49615	0.0856681
3.60555	-2.47396	0.0926737
3.62774	-2.45177	0.109789
3.64993	-2.42959	0.120483
3.67211	-2.4074	0.103604
3.6943	-2.38521	0.110239
3.71649	-2.36302	0.112969
3.73868	-2.34083	0.115912
3.76087	-2.31865	0.11917
3.78305	-2.29646	0.112193
3.80524	-2.27427	0.11192
3.82743	-2.25208	0.0977851
3.84962	-2.22989	0.082683
3.87181	-2.20771	0.0747072
3.89399	-2.18552	0.076569
3.91618	-2.16333	0.0726456
3.93837	-2.14114	0.069797
3.96056	-2.11895	0.0782109
3.98275	-2.09677	0.101195
4.00493	-2.07458	0.11151
4.02712	-2.05239	0.110116
4.04931	-2.0302	0.0864202
4.0715	-2.00801	0.0805743
4.09369	-1.98583	0.0724209
4.11587	-1.96364	0.056826
4.13806	-1.94145	0.0652903
4.16025	-1.91926	0.090638
4.18244	-1.89707	0.107528
4.20463	-1.87489	0.135038
4.22681	-1.8527	0.142523
4.249	-1.83051	0.162547
4.27119	-1.80832	0.176726
4.29338	-1.78613	0.168711
4.31557	-1.76395	0.141076
4.33775	-1.74176	0.126322
4.35994	-1.71957	0.126447
4.38213	-1.69738	0.129041
4.40432	-1.67519	0.156644
4.42651	-1.65301	0.163308
4.44869	-1.63082	0.154084
4.47088	-1.60863	0.145968
4.49307	-1.58644	0.145499
4.51526	-1.56425	0.137399
4.53745	-1.54207	0.11813
4.55963	-1.51988	0.10015
4.58182	-1.49769	0.0807704
4.60401	-1.4755	0.093142
4.6262	-1.45331	0.0932025
4.64839	-1.43113	0.0904076
4.67057	-1.40894	0.0866225
4.69276	-1.38675	0.101216
4.71495	-1.36456	0.118358
4.73714	-1.34237	0.135274
4.75933	-1.32019	0.150545
4.78151	-1.298	0.158794
4.8037	-1.27581	0.161102
4.82589	-1.25362	0.156933
4.84808	-1.23143	0.156202
4.87027	-1.20925	0.173165
4.89245	-1.18706	0.180672
4.91464	-1.16487	0.167357
4.93683	-1.14268	0.175434
4.95902	-1.12049	0.180331
4.98121	-1.09831	0.184221
5.00339	-1.07612	0.190551
5.02558	-1.05393	0.200079
5.04777	-1.03174	0.194236
5.06996	-1.00955	0.193237
5.09215	-0.987366	0.196758
5.11433	-0.965178	0.189461
5.13652	-0.94299	0.181029
5.15871	-0.920802	0.187628
5.1809	-0.898614	0.184192
5.20309	-0.876426	0.188142
5.22527	-0.854238	0.195462
5.24746	-0.83205	0.209182
5.26965	-0.809862	0.226115
5.29184	-0.787674	0.230452
5.31403	-0.765486	0.256355
5.33621	-0.743298	0.261373
5.3584	-0.72111	0.262384
5.38059	-0.698922	0.278797
5.40278	-0.676734	0.299388
5.42497	-0.654546	0.313492
5.44715	-0.632358	0.32746
5.46934	-0.61017	0.32167
5.49153	-0.587982	0.313491
5.51372	-0.565794	0.298554
5.53591	-0.543606	0.280526
5.55809	-0.521418	0.277842
5.58028	-0.49923	0.26658
5.60247	-0.477042	0.268456
5.62466	-0.454854	0.268013
5.64685	-0.432666	0.254926
5.66903	-0.410478	0.227932
5.69122	-0.38829	0.225788
5.71341	-0.366102	0.214487
5.7356	-0.343914	0.215584
5.75779	-0.321726	0.208459
5.77997	-0.299538	0.203955
5.80216	-0.27735	0.19766
5.82435	-0.255162	0.196904
5.84654	-0.232974	0.189226
5.86873	-0.210786	0.15354
5.89091	-0.188598	0.0107665
5.9131	-0.16641	0
5.93529	-0.144222	0
5.95748	-0.122034	0
5.97967	-0.099846	0
6.00185	-0.077658	0
6.02404	-0.05547	0
6.04623	-0.033282	0
6.06842	-0.011094	0
6.09061	0.011094	0
6.11279	0.033282	0
6.13498	0.05547	0
6.15717	0.077658	0
6.17936	0.099846	0
6.20155	0.122034	0
6.22373	0.144222	0
6.24592	0.16641	0
6.26811	0.188598	0
6.2903	0.210786	0
6.31249	0.232974	0
6.33467	0.255162	0
6.35686	0.27735	0
6.37905	0.299538	0
6.40124	0.321726	0
6.42343	0.343914	0
6.44561	0.366102	0
6.4678	0.38829	0
6.48999	0.410478	0
6.51218	0.432666	0
6.53437	0.454854	0
6.55655	0.477042	0
6.57874	0.49923	0
6.60093	0.521418	0
6.62312	0.543606	0
6.64531	0.565794	0
6.66749	0.587982	0
6.68968	0.61017	0
6.71187	0.632358	0.0134213
6.73406	0.654546	0.0442761
6.75625	0.676734	0.130832
6.77843	0.698922	0.280174
6.80062	0.72111	0.264283
6.82281	0.743298	0.229037
6.845	0.765486	0.210256
6.86719	0.787674	0.211155
6.88937	0.809862	0.190134
6.91156	0.83205	0.20101
6.93375	0.854238	0.187756
6.95594	0.876426	0.151384
6.97813	0.898614	0.138664
7.00031	0.920802	0.127942
7.0225	0.94299	0.153111
7.04469	0.965178	0.153921
7.06688	0.987366	0.157832
7.08907	1.00955	0.170701
7.11125	1.03174	0.17354
7.13344	1.05393	0.166023
7.15563	1.07612	0.161155
7.17782	1.09831	0.155151
7.20001	1.12049	0.14974
7.22219	1.14268	0.156181
7.24438	1.16487	0.150736
7.26657	1.18706	0.154741
7.28876	1.20925	0.165701
7.31095	1.23143	0.177501
7.33313	1.25362	0.172122
7.35532	1.27581	0.167637
7.37751	1.298	0.153048
7.3997	1.32019	0.158105
7.42189	1.34237	0.150118
7.44407	1.36456	0.149267
7.46626	1.38675	0.15266
7.48845	1.40894	0.159016
7.51064	1.43113	0.145819
7.53283	1.45331	0.146143
7.55501	1.4755	0.144061
7.5772	1.49769	0.163007
7.59939	1.51988	0.165397
7.62158	1.54207	0.184687
7.64377	1.56425	0.193292
7.66595	1.58644	0.206861
7.68814	1.60863	0.203928
7.71033	1.63082	0.188682
7.73252	1.65301	0.176053
7.75471	1.67519	0.169205
7.77689	1.69738	0.156373
7.79908	1.71957	0.152252
7.82127	1.74176	0.154869
7.84346	1.76395	0.130496
7.86565	1.78613	0.126861
7.88783	1.80832	0.133834
7.91002	1.83051	0.14353
7.93221	1.8527	0.148942
7.9544	1.87489	0.150899
7.97659	1.89707	0.147312
7.99877	1.91926	0.134543
8.02096	1.94145	0.146483
8.04315	1.96364	0.133471
8.06534	1.98583	0.118556
8.08753	2.00801	0.132691
8.10971	2.0302	0.137118
8.1319	2.05239	0.13136
8.15409	2.07458	0.12706
8.17628	2.09677	0.125268
8.19847	2.11895	0.135668
8.22065	2.14114	0.121479
8.24284	2.16333	0.120446
8.26503	2.18552	0.123261
8.28722	2.20771	0.131968
8.30941	2.22989	0.136217
8.33159	2.25208	0.141247
8.35378	2.27427	0.142071
8.37597	2.29646	0.14676
8.39816	2.31865	0.139376
8.42035	2.34083	0.149556
8.44253	2.36302	0.135682
8.46472	2.38521	0.146318
8.48691	2.4074	0.133561
8.5091	2.42959	0.114361
8.53129	2.45177	0.0988044
8.55347	2.47396	0.102239
8.57566	2.49615	0.107141
8.59785	2.51834	0.0949405
8.62004	2.54053	0.104906
8.64223	2.56271	0.094559
8.66441	2.5849	0.10852
8.6866	2.60709	0.120935
8.70879	2.62928	0.142767
8.73098	2.65147	0.131344
8.75317	2.67365	0.128339
8.77535	2.69584	0.130091
8.79754	2.71803	0.124109
8.81973	2.74022	0.113979
8.84192	2.76241	0.11987
8.86411	2.78459	0.106474
8.88629	2.80678	0.127678
8.90848	2.82897	0.124612
8.93067	2.85116	0.11658
8.95286	2.87335	0.0957282
8.97505	2.89553	0.058384
8.99723	2.91772	0.0385588
9.01942	2.93991	0.0430723
9.04161	2.9621	0.0446208
9.0638	2.98429	0.0573321
9.08599	3.00647	0.0676597
9.10817	3.02866	0.0753684
9.13036	3.05085	0.0782098
9.15255	3.07304	0.076745
9.17474	3.09523	0.0746579
9.19693	3.11741	0.0577205
9.21911	3.1396	0.0437157
9.2413	3.16179	0.0686903
9.26349	3.18398	0.075443
9.28568	3.20617	0.0718405
9.30787	3.22835	0.0577561
9.33005	3.25054	0.040955
9.35224	3.27273	0.0375697
9.37443	3.29492	0.0510647
9.39662	3.31711	0.0683837
9.41881	3.33929	0.0562229
9.44099	3.36148	0.0689351
9.46318	3.38367	0.0789207
9.48537	3.40586	0.0897787
9.50756	3.42805	0.0902822
9.52975	3.45023	0.0859017
9.55193	3.47242	0.0810497
9.57412	3.49461	0.0846245
9.59631	3.5168	0.10054
9.6185	3.53899	0.104143
9.64069	3.56117	0.116644
9.66287	3.58336	0.118497
9.68506	3.60555	0.101452
9.70725	3.62774	0.0744909
9.72944	3.64993	0.0481474
9.75163	3.67211	0.0104362
9.77381	3.6943	0
9.796	3.71649	0
9.81819	3.73868	0
9.84038	3.76087	0
9.86257	3.78305	0
9.88475	3.80524	0
9.90694	3.82743	0
9.92913	3.84962	0
9.95132	3.87181	0
9.97351	3.89399	0
9.99569	3.91618	0
10.0179	3.93837	0
10.0401	3.96056	0
10.0623	3.98275	0
10.0844	4.00493	0
10.1066	4.02712	0
10.1288	4.04931	0
10.151	4.0715	0
10.1732	4.09369	0
10.1954	4.11587	0
10.2176	4.13806	0
10.2398	4.16025	0.000540634
10.262	4.18244	-0.00126604
10.2841	4.20463	-0.00468057
10.3063	4.22681	-0.00371249
10.3285	4.249	-0.011109
10.3507	4.27119	-0.0134428
10.3729	4.29338	-0.0160587
10.3951	4.31557	-0.012945
10.4173	4.33775	-0.00404765
10.4395	4.35994	0.00351755
10.4616	4.38213	0.0215006
10.4838	4.40432	0.0237111
10.506	4.42651	0.0129901
10.5282	4.44869	0.0103387
10.5504	4.47088	0.0224859
10.5726	4.49307	0.0408923
10.5948	4.51526	0.0546425
10.617	4.53745	0.0338109
10.6391	4.55963	0.0283964
10.6613	4.58182	0.0236194
10.6835	4.60401	0.0285272
10.7057	4.6262	0.0354182
10.7279	4.64839	0.0273042
10.7501	4.67057	0.0325903
10.7723	4.69276	0.0363693
10.7945	4.71495	0.0258097
10.8167	4.73714	0.0526453
10.8388	4.75933	0.0623626
10.861	4.78151	0.0586021
10.8832	4.8037	0.0623627
10.9054	4.82589	0.0429285
10.9276	4.84808	-0.000493366
10.9498	4.87027	-0.0194919
10.972	4.89245	-0.01537
10.9942	4.91464	-0.00323211
11.0163	4.93683	-0.00833696
11.0385	4.95902	0
11.0607	4.98121	0
11.0829	5.00339	0
11.1051	5.02558	0
11.1273	5.04777	0
11.1495	5.06996	0
11.1717	5.09215	0
11.1938	5.11433	0
11.216	5.13652	0
11.2382	5.15871	0
11.2604	5.1809	0
11.2826	5.20309	0
11.3048	5.22527	0
11.327	5.24746	0
11.3492	5.26965	0
11.3714	5.29184	0
11.3935	5.31403	0
11.4157	5.33621	0
11.4379	5.3584	0
11.4601	5.38059	0
11.4823	5.40278	0
11.5045	5.42497	0
11.5267	5.44715	0
11.5489	5.46934	0
11.571	5.49153	0
11.5932	5.51372	0
11.6154	5.53591	0
11.6376	5.55809	0
11.6598	5.58028	0
11.682	5.60247	0
11.7042	5.62466	0
11.7264	5.64685	0
11.7485	5.66903	0
11.7707	5.69122	0
11.7929	5.71341	0
11.8151	5.7356	0
11.8373	5.75779	0
11.8595	5.77997	0
11.8817	5.80216	0
11.9039	5.82435	0
11.9261	5.84654	0
11.9482	5.86873	0
11.9704	5.89091	0
11.9926	5.9131	0
12.0148	5.93529	0
12.037	5.95748	0
12.0592	5.97967	0
12.0814	6.00185	0
12.1036	6.02404	0
12.1257	6.04623	0
12.1479	6.06842	0
